RO_nowout	RO_nowout

==proc_RO_nowout_CN-GFP_CC-Y3_CA-Dy649_top-dwn_1.lif - Series001_Crop001Batch_BlindDeblur001.tif
count	x-corner	y-corner	area	mean	min	max	area*mean	area*mean-area*min	max-min
1	143	48	49	2372.7551	896	4785	116265	72361	3889
2	164	49	49	1671.6939	675	5885	81913	48838	5210
3	96	64	49	1779.7755	664	6043	87209	54673	5379
4	192	74	49	1659.6735	724	4531	81324	45848	3807
5	169	75	49	1763.7755	719	7129	86425	51194	6410
6	158	88	49	1312.6531	759	3852	64320	27129	3093
7	149	90	49	1864.6122	787	6542	91366	52803	5755
8	130	94	49	1855.4898	663	6366	90919	58432	5703
9	79	97	49	1726.5102	676	6211	84599	51475	5535
10	164	99	49	2610.6327	719	9885	127921	92690	9166
11	108	107	49	1743.102	747	5680	85412	48809	4933
12	89	111	49	1405.8163	651	5286	68885	36986	4635
13	151	114	49	1912.2653	976	5891	93701	45877	4915
14	162	128	49	1857.9184	670	7414	91038	58208	6744
15	180	130	49	1732.6327	692	6769	84899	50991	6077
16	54	135	49	1612.8571	710	5768	79030	44240	5058
17	196	139	49	2299.1633	735	8425	112659	76644	7690
18	125	141	49	2065.3469	760	6520	101202	63962	5760
19	52	142	49	1534.2653	629	4562	75179	44358	3933
20	100	143	49	2012.6939	743	8830	98622	62215	8087
21	115	150	49	1897.1224	847	6558	92959	51456	5711
22	123	154	49	2006.0204	788	8169	98295	59683	7381
23	192	158	49	1828.0612	686	6415	89575	55961	5729
24	116	160	49	2662.1837	956	10607	130447	83603	9651
25	93	160	49	1561.9388	697	6046	76535	42382	5349
26	104	163	49	1329.898	760	4184	65165	27925	3424
27	77	163	49	1506.7143	742	4260	73829	37471	3518
28	161	165	49	1422.7551	722	4303	69715	34337	3581
29	151	172	49	1488.0204	654	4800	72913	40867	4146
30	83	185	49	2062.6531	677	8324	101070	67897	7647
31	86	196	49	1611.1224	661	6157	78945	46556	5496
32	140	199	49	1756.5918	723	5457	86073	50646	4734

==proc_RO_nowout_CN-GFP_CC-Y3_CA-Dy649_top-dwn_1.lif - Series001_Crop002Batch_BlindDeblur001.tif
count	x-corner	y-corner	area	mean	min	max	area*mean	area*mean-area*min	max-min
1	121	35	49	2807.9388	720	12467	137589	102309	11747
2	103	50	49	2690.0204	705	11403	131811	97266	10698
3	171	55	49	2444.0204	783	10578	119757	81390	9795
4	155	84	49	3277.4898	809	16566	160597	120956	15757
5	113	85	49	3097.2245	895	15177	151764	107909	14282
6	98	86	49	4181.4286	979	24104	204890	156919	23125
7	97	93	49	2688	850	11163	131712	90062	10313
8	187	94	49	2760.898	819	13418	135284	95153	12599
9	76	95	49	3407.2245	792	18887	166954	128146	18095
10	108	98	49	5496.2449	952	21264	269316	222668	20312
11	135	102	49	3354.1429	913	16164	164353	119616	15251
12	64	104	49	3757.0816	832	17406	184097	143329	16574
13	108	107	49	4175.5102	982	13571	204600	156482	12589
14	140	111	49	4484.7347	904	24743	219752	175456	23839
15	210	113	49	3033.7347	836	16015	148653	107689	15179
16	70	114	49	3229.2041	913	16542	158231	113494	15629
17	113	128	49	6306.3878	882	43274	309013	265795	42392
18	133	139	49	2444.7755	787	10439	119794	81231	9652
19	92	144	49	3888.2857	829	19827	190526	149905	18998
20	173	161	49	7822.3469	1446	42830	383295	312441	41384
21	67	165	49	2975.2653	813	15665	145788	105951	14852
22	180	168	49	3022.5306	940	13226	148104	102044	12286
23	191	169	49	2666.5918	735	12500	130663	94648	11765
24	157	170	49	2806.0408	872	13049	137496	94768	12177
25	168	175	49	2879.5918	859	14281	141100	99009	13422
26	181	179	49	4516.5102	857	24365	221309	179316	23508
27	190	188	49	4376.102	847	27987	214429	172926	27140
28	119	192	49	2928.5102	859	13295	143497	101406	12436
29	137	198	49	2712.3673	781	15511	132906	94637	14730

==proc_RO_nowout_CN-GFP_CC-Y3_CA-Dy649_top-dwn_1.lif - Series001_Crop003Batch_BlindDeblur001.tif
count	x-corner	y-corner	area	mean	min	max	area*mean	area*mean-area*min	max-min
1	1	16	49	2994.1224	924	14155	146712	101436	13231
2	121	40	49	6173.4082	1092	31857	302497	248989	30765
3	74	45	49	5283.6939	911	30720	258901	214262	29809
4	82	88	49	5163.3469	908	24362	253004	208512	23454
5	133	102	49	7282.1837	1507	28802	356827	282984	27295
6	34	110	49	4132.8367	861	21171	202509	160320	20310
7	124	111	49	5681.4694	1134	31148	278392	222826	30014
8	174	114	49	6118.7143	1057	34725	299817	248024	33668
9	165	116	49	6230.9388	1110	27109	305316	250926	25999
10	96	134	49	6428.0612	1051	33485	314975	263476	32434
11	162	141	49	4842.8776	1017	24954	237301	187468	23937
12	82	143	49	4612.8367	1026	24136	226029	175755	23110
13	173	143	49	6223.1224	1085	34758	304933	251768	33673
14	69	152	49	4228.5714	1131	16239	207200	151781	15108
15	180	152	49	5822.2245	906	32855	285289	240895	31949
16	141	155	49	6492.2653	887	32707	318121	274658	31820
17	90	158	49	5035.2449	995	27169	246727	197972	26174
18	75	159	49	6064.0204	1023	30069	297137	247010	29046
19	114	160	49	4786.4082	1145	22139	234534	178429	20994
20	74	167	49	5399.0612	1054	27663	264554	212908	26609
21	58	179	49	3627.2041	926	18010	177733	132359	17084
22	47	181	49	4939.7347	969	27034	242047	194566	26065
23	78	183	49	5381.5306	1110	24201	263695	209305	23091
24	67	190	49	9442.0612	1214	48098	462661	403175	46884
25	125	190	49	4640.6122	909	27156	227390	182849	26247
26	114	196	49	6552.8571	1232	31590	321090	260722	30358
27	117	205	49	5628.0204	1036	28512	275773	225009	27476
28	145	208	49	4615.8571	902	25320	226177	181979	24418
29	58	211	49	5973.7959	1000	34032	292716	243716	33032
30	115	229	49	1045.5918	824	1423	51234	10858	599

==proc_RO_nowout_CN-GFP_CC-Y3_CA-Dy649_top-dwn_1.lif - Series001_Crop004Batch_BlindDeblur001.tif
count	x-corner	y-corner	area	mean	min	max	area*mean	area*mean-area*min	max-min
1	160	50	49	13573.3878	1515	63578	665096	590861	62063
2	125	54	49	3547.6531	803	15911	173835	134488	15108
3	118	62	49	4561.5102	790	23977	223514	184804	23187
4	187	69	49	4481.0408	1014	22667	219571	169885	21653
5	90	71	49	5419.6122	909	28588	265561	221020	27679
6	130	82	49	5552.3469	942	27028	272065	225907	26086
7	177	90	49	3133.1633	872	14814	153525	110797	13942
8	53	92	49	7167.551	964	43046	351210	303974	42082
9	169	93	49	4700.0612	947	23225	230303	183900	22278
10	132	95	49	4464.102	1016	22556	218741	168957	21540
11	111	98	49	4489.1633	785	26660	219969	181504	25875
12	134	106	49	8105.8776	1072	41734	397188	344660	40662
13	124	106	49	3348.6531	942	17175	164084	117926	16233
14	169	116	49	4107.6735	861	24869	201276	159087	24008
15	69	118	49	7306.449	991	36070	358016	309457	35079
16	135	118	49	5695.8571	1105	32997	279097	224952	31892
17	142	126	49	6075.449	1062	36275	297697	245659	35213
18	71	131	49	10208.9592	1178	43684	500239	442517	42506
19	174	134	49	3628.9796	811	18841	177820	138081	18030
20	124	136	49	7003.7143	945	34398	343182	296877	33453
21	116	139	49	5699.2245	1083	28171	279262	226195	27088
22	134	147	49	5792.8367	1253	23066	283849	222452	21813
23	62	151	49	5333.6122	927	25529	261347	215924	24602
24	149	151	49	4266.6939	893	18263	209068	165311	17370
25	118	156	49	1067.898	800	1587	52327	13127	787
26	134	159	49	4659.2245	779	26374	228302	190131	25595
27	76	159	49	5267.2041	882	27705	258093	214875	26823
28	65	160	49	6102.5918	1041	32233	299027	248018	31192
29	64	169	49	2229.5714	829	7905	109249	68628	7076
30	111	185	49	3073.2041	868	14768	150587	108055	13900
31	54	186	49	3850.3469	815	19417	188667	148732	18602
32	99	194	49	5196.4286	878	28640	254625	211603	27762
33	232	209	49	6047.8776	1039	33668	296346	245435	32629
34	194	236	49	5445.3061	953	29578	266820	220123	28625

==proc_RO_nowout_CN-GFP_CC-Y3_CA-Dy649_top-dwn_1.lif - Series001_Crop005Batch_BlindDeblur001.tif
count	x-corner	y-corner	area	mean	min	max	area*mean	area*mean-area*min	max-min
1	106	55	49	3135.6327	796	11694	153646	114642	10898
2	96	74	49	2400.3469	817	8420	117617	77584	7603
3	89	79	49	3871.7143	1118	16642	189714	134932	15524
4	104	84	49	2617	888	9207	128233	84721	8319
5	123	88	49	3003.5102	912	11802	147172	102484	10890
6	133	101	49	3850.7143	1003	13967	188685	139538	12964
7	119	105	49	3775.4898	1054	16956	184999	133353	15902
8	96	105	49	3021.2041	813	13358	148039	108202	12545
9	142	109	49	2866.7143	786	12334	140469	101955	11548
10	96	113	49	3741.898	1066	14617	183353	131119	13551
11	65	114	49	3674.3061	1109	14743	180041	125700	13634
12	107	117	49	3286.0612	843	10607	161017	119710	9764
13	116	121	49	3780.1837	1302	14242	185229	121431	12940
14	96	122	49	2704.3061	1003	10928	132511	83364	9925
15	67	123	49	3036.551	889	12823	148791	105230	11934
16	142	127	49	3970.5306	1001	16460	194556	145507	15459
17	113	129	49	3490.3878	878	14331	171029	128007	13453
18	129	129	49	3781.5714	1025	13667	185297	135072	12642
19	122	130	49	2830.7347	868	10406	138706	96174	9538
20	43	146	49	3708.2041	1018	16335	181702	131820	15317
21	95	148	49	2079.1633	776	7153	101879	63855	6377
22	121	149	49	2449.5306	858	7451	120027	77985	6593
23	55	149	49	2305.3673	922	8751	112963	67785	7829
24	68	159	49	2935.1633	963	11627	143823	96636	10664
25	45	161	49	4626.5714	1322	13272	226702	161924	11950
26	36	170	49	3431.7347	1013	14017	168155	118518	13004
27	131	176	49	5889.2653	1311	20990	288574	224335	19679
28	230	175	49	2629.7959	939	9362	128860	82849	8423
29	82	177	49	2861.5918	1025	9642	140218	89993	8617
30	85	193	49	3160.3878	821	13799	154859	114630	12978
31	231	226	49	3879.7959	1057	15868	190110	138317	14811

==proc_RO_nowout_CN-GFP_CC-Y3_CA-Dy649_top-dwn_1.lif - Series003_Crop001Batch_BlindDeblur001.tif
count	x-corner	y-corner	area	mean	min	max	area*mean	area*mean-area*min	max-min
1	174	70	49	5135.9388	1184	18374	251661	193645	17190
2	193	70	49	5292.8367	1129	27806	259349	204028	26677
3	95	77	49	5019.1429	1102	25720	245938	191940	24618
4	127	77	49	1145.0408	779	1648	56107	17936	869
5	103	79	49	2935.7755	1006	16538	143853	94559	15532
6	189	79	49	1252.2041	752	1814	61358	24510	1062
7	154	80	49	5362.7959	1100	29707	262777	208877	28607
8	214	82	49	1168.2245	824	1686	57243	16867	862
9	189	87	49	1275.8571	758	1888	62517	25375	1130
10	95	88	49	1250.5714	834	1816	61278	20412	982
11	162	88	49	1164.0408	781	1590	57038	18769	809
12	146	91	49	1225.3265	785	1938	60041	21576	1153
13	208	93	49	2549.3061	952	11971	124916	78268	11019
14	241	96	49	1181.449	815	1884	57891	17956	1069
15	129	101	49	3551.6939	910	14643	174033	129443	13733
16	101	107	49	1191.2449	741	1776	58371	22062	1035
17	245	107	49	1206.0408	689	1775	59096	25335	1086
18	213	112	49	5173.8163	1237	26706	253517	192904	25469
19	154	114	49	1294.8571	780	1844	63448	25228	1064
20	193	114	49	3880.5918	1037	18297	190149	139336	17260
21	116	117	49	1330.102	783	2399	65175	26808	1616
22	203	119	49	3928.6735	1043	17110	192505	141398	16067
23	149	121	49	4182.8367	904	18991	204959	160663	18087
24	157	122	49	2622.7347	930	13600	128514	82944	12670
25	191	121	49	1333.2653	893	2122	65330	21573	1229
26	133	124	49	5279.2245	1085	22666	258682	205517	21581
27	143	129	49	3972.1633	1248	18156	194636	133484	16908
28	83	132	49	1180.3469	719	1466	57837	22606	747
29	96	131	49	1207.5306	777	1934	59169	21096	1157
30	214	134	49	2282.6122	957	9155	111848	64955	8198
31	56	138	49	5436.6531	791	30893	266396	227637	30102
32	158	138	49	1412.4286	826	2019	69209	28735	1193
33	132	139	49	1245.1633	947	1865	61013	14610	918
34	90	141	49	1185.1429	749	1637	58072	21371	888
35	108	143	49	1223.0816	826	1864	59931	19457	1038
36	140	144	49	5491.8776	1214	18918	269102	209616	17704
37	162	145	49	5209.8776	1006	25909	255284	205990	24903
38	76	146	49	1146.0816	757	1589	56158	19065	832
39	212	146	49	1288.4694	880	1965	63135	20015	1085
40	235	147	49	5016.4694	991	26308	245807	197248	25317
41	186	151	49	4826.8367	1108	29396	236515	182223	28288
42	126	154	49	1257.102	917	1747	61598	16665	830
43	233	155	49	1437.2041	856	3398	70423	28479	2542
44	143	156	49	2476.1224	1005	13359	121330	72085	12354
45	212	156	49	1266.5918	753	1847	62063	25166	1094
46	82	159	49	1212.2857	824	1595	59402	19026	771
47	246	163	49	1283.4898	925	2028	62891	17566	1103
48	224	165	49	1277.6939	908	2059	62607	18115	1151
49	268	166	49	1282.2449	890	2261	62830	19220	1371
50	59	167	49	2812.5918	909	13853	137817	93276	12944
51	141	167	49	1266.8776	842	1814	62077	20819	972
52	164	167	49	1219.4898	795	2049	59755	20800	1254
53	72	169	49	1209.551	776	1813	59268	21244	1037
54	281	169	49	1187.3265	766	1543	58179	20645	777
55	87	173	49	1214.5306	869	1780	59512	16931	911
56	79	181	49	2752.7959	993	8978	134887	86230	7985
57	163	181	49	4871.2449	1061	26178	238691	186702	25117
58	200	182	49	1181.2449	730	1740	57881	22111	1010
59	117	182	49	1130.8776	640	1529	55413	24053	889
60	239	187	49	1262.2653	778	1830	61851	23729	1052
61	88	190	49	1098.4898	769	1562	53826	16145	793
62	228	190	49	1232.898	889	1648	60412	16851	759
63	165	191	49	2862.3673	1127	10378	140256	85033	9251
64	207	191	49	1186.6735	793	1854	58147	19290	1061
65	117	193	49	1182.7755	815	1655	57956	18021	840
66	133	193	49	1150.7959	812	1743	56389	16601	931
67	183	200	49	1254.898	938	1870	61490	15528	932
68	80	202	49	1098.2653	734	1581	53815	17849	847
69	144	202	49	1203.9592	834	1860	58994	18128	1026
70	208	208	49	1219.3673	879	1633	59749	16678	754
71	106	210	49	1117.551	775	1707	54760	16785	932
72	165	211	49	4101.7551	771	20812	200986	163207	20041

==proc_RO_nowout_CN-GFP_CC-Y3_CA-Dy649_top-dwn_1.lif - Series003_Crop002Batch_BlindDeblur001.tif
count	x-corner	y-corner	area	mean	min	max	area*mean	area*mean-area*min	max-min
1	133	69	49	1534.0204	1072	2292	75167	22639	1220
2	147	70	49	4732.8571	1209	23536	231910	172669	22327
3	174	85	49	1632.6531	1082	2312	80000	26982	1230
4	66	89	49	1612.4082	1039	2700	79008	28097	1661
5	104	92	49	1527.2041	973	2339	74833	27156	1366
6	137	92	49	1618.7551	1128	2563	79319	24047	1435
7	77	94	49	1485.1429	786	2694	72772	34258	1908
8	168	96	49	1616.9592	933	2652	79231	33514	1719
9	182	103	49	1677.3265	1072	2403	82189	29661	1331
10	168	105	49	1607.7551	1006	2108	78780	29486	1102
11	57	107	49	1586.1224	897	2174	77720	33767	1277
12	87	109	49	1433.102	956	1989	70222	23378	1033
13	126	113	49	3911.9388	932	20426	191685	146017	19494
14	215	113	49	1641.8776	1030	2402	80452	29982	1372
15	170	120	49	1809.1633	1057	2815	88649	36856	1758
16	149	122	49	1819.7143	1065	5975	89166	36981	4910
17	119	122	49	2470.6735	1201	10440	121063	62214	9239
18	44	127	49	1463.2245	974	1988	71698	23972	1014
19	97	126	49	5556.1837	1662	16415	272253	190815	14753
20	111	128	49	1690.0612	1147	2260	82813	26610	1113
21	169	127	49	5549.4286	1025	39389	271922	221697	38364
22	205	127	49	1562.7347	1189	2206	76574	18313	1017
23	119	133	49	1719.5102	1098	2527	84256	30454	1429
24	128	136	49	4848.7143	1396	26718	237587	169183	25322
25	159	136	49	6432.0612	1571	29682	315171	238192	28111
26	208	136	49	1611.102	1056	2320	78944	27200	1264
27	261	137	49	1518.9388	874	2345	74428	31602	1471
28	74	137	49	1489.898	925	2120	73005	27680	1195
29	67	139	49	1515.6327	867	2353	74266	31783	1486
30	179	138	49	5143.7959	1490	24093	252046	179036	22603
31	250	140	49	1526.7959	972	2789	74813	27185	1817
32	101	143	49	1587.7959	1086	2281	77802	24588	1195
33	148	145	49	1570.2449	1042	2287	76942	25884	1245
34	198	146	49	5351.8571	1099	26869	262241	208390	25770
35	55	148	49	3660.8776	1227	18761	179383	119260	17534
36	271	154	49	1535.2245	1041	2795	75226	24217	1754
37	108	156	49	1508.1429	1014	2137	73899	24213	1123
38	84	158	49	1455.5714	1053	2114	71323	19726	1061
39	129	162	49	1601.2245	1196	2404	78460	19856	1208
40	176	162	49	1609.7959	1199	2280	78880	20129	1081
41	197	162	49	3524.551	1272	17932	172703	110375	16660
42	190	167	49	1697.2245	1051	3127	83164	31665	2076
43	56	166	49	1491.8571	979	2650	73101	25130	1671
44	166	166	49	1566.6531	884	2482	76766	33450	1598
45	45	168	49	1427.2245	972	2197	69934	22306	1225
46	216	168	49	1803.1837	1057	2681	88356	36563	1624
47	102	173	49	5844.0204	1121	38760	286357	231428	37639
48	239	172	49	1620.3469	802	2783	79397	40099	1981
49	225	173	49	1637.4286	1180	2638	80234	22414	1458
50	85	174	49	5736.449	1103	26805	281086	227039	25702
51	210	177	49	5703.6122	1539	32619	279477	204066	31080
52	197	177	49	3748.5918	1186	23389	183681	125567	22203
53	51	179	49	1452.7959	754	2038	71187	34241	1284
54	104	181	49	1567.1429	1000	2077	76790	27790	1077
55	155	183	49	1570.9388	928	2441	76976	31504	1513
56	259	183	49	1547.6327	899	2242	75834	31783	1343
57	205	185	49	3813.6735	1128	20009	186870	131598	18881
58	244	192	49	1539.2449	1012	2466	75423	25835	1454
59	101	194	49	1610.7959	1028	2609	78929	28557	1581
60	175	193	49	1547.1633	1070	2216	75811	23381	1146
61	207	201	49	1629.7551	1116	2231	79858	25174	1115
62	159	202	49	1543.0612	811	2359	75610	35871	1548
63	233	204	49	3635.4286	1134	22256	178136	122570	21122
64	265	203	49	1620.4286	969	2525	79401	31920	1556
65	104	207	49	6201.9796	1213	38753	303897	244460	37540
66	92	213	49	1575.7755	805	2253	77213	37768	1448
67	268	213	49	1844.7959	1239	3258	90395	29684	2019
68	196	216	49	5614.4082	1416	25101	275106	205722	23685
69	222	215	49	1678.7143	1145	2219	82257	26152	1074
70	163	217	49	1538.6531	1109	2246	75394	21053	1137
71	282	216	49	1620.2449	703	2662	79392	44945	1959
72	232	219	49	1683.8163	1032	2289	82507	31939	1257
73	142	223	49	1550.102	982	2275	75955	27837	1293
74	242	224	49	4636.3878	1007	32643	227183	177840	31636
75	120	225	49	1612.898	1079	2158	79032	26161	1079
76	176	226	49	1538.6735	1085	2266	75395	22230	1181
77	208	227	49	1674.0204	1275	2659	82027	19552	1384
78	228	229	49	1626.3469	1070	2459	79691	27261	1389
79	276	230	49	3781.102	1225	16935	185274	125249	15710
80	201	234	49	1809.2857	1150	4398	88655	32305	3248
81	145	236	49	2432.3265	1089	9915	119184	65823	8826
82	131	237	49	1595.2449	1025	2240	78167	27942	1215
83	121	241	49	1627.102	1166	2306	79728	22594	1140
84	246	245	49	1583.1633	990	2350	77575	29065	1360
85	206	247	49	1764.5918	1210	2677	86465	27175	1467
86	146	248	49	1682.0408	1143	4908	82420	26413	3765
87	263	252	49	6176.9592	1251	31507	302671	241372	30256
88	164	252	49	1639.2245	1107	2343	80322	26079	1236
89	276	253	49	1541.449	772	2801	75531	37703	2029
90	199	254	49	4421.8163	1374	18343	216669	149343	16969
91	217	254	49	5832.449	1073	34355	285790	233213	33282
92	238	254	49	1541.8367	1030	2363	75550	25080	1333
93	199	264	49	1636.2449	881	2565	80176	37007	1684
94	166	267	49	1523.1429	823	2157	74634	34307	1334
95	247	267	49	1489.5918	1088	2386	72990	19678	1298
96	135	267	49	1507.2653	1035	2508	73856	23141	1473
97	240	269	49	1510.4694	869	2372	74013	31432	1503
98	179	279	49	1437.449	1098	1966	70435	16633	868
99	216	280	49	5930.5306	1195	30880	290596	232041	29685

==proc_RO_nowout_CN-GFP_CC-Y3_CA-Dy649_top-dwn_1.lif - Series003_Crop003Batch_BlindDeblur001.tif
count	x-corner	y-corner	area	mean	min	max	area*mean	area*mean-area*min	max-min
1	180	68	49	4265.7143	1109	23163	209020	154679	22054
2	145	79	49	6560	1240	31955	321440	260680	30715
3	240	84	49	4951.3673	1360	28172	242617	175977	26812
4	142	98	49	6713.7959	1388	33455	328976	260964	32067
5	265	102	49	4652.5102	1053	23269	227973	176376	22216
6	198	102	49	1668.9388	1063	2405	81778	29691	1342
7	204	126	49	6014.3469	1295	36054	294703	231248	34759
8	194	129	49	5324.4694	1352	30557	260899	194651	29205
9	209	135	49	5385.3878	1450	29689	263884	192834	28239
10	154	137	49	7484.551	1272	39967	366743	304415	38695
11	91	138	49	3669.4898	1104	17843	179805	125709	16739
12	207	142	49	3823.2041	1300	17951	187337	123637	16651
13	NA	NA	NA	NA	NA	NA	NA	NA	NA
14	185	165	49	4383.1224	1203	25063	214773	155826	23860
15	209	165	49	5201.0204	1389	30693	254850	186789	29304
16	160	173	49	4749.3673	994	26017	232719	184013	25023
17	234	179	49	6281.551	1270	38493	307796	245566	37223
18	122	184	49	5972.7755	1295	35467	292666	229211	34172
19	129	191	49	4965.8163	1307	26271	243325	179282	24964
20	170	191	49	7012.1837	1372	42164	343597	276369	40792
21	83	196	49	5068.8163	1073	32151	248372	195795	31078
22	148	195	49	4401.6122	1116	21818	215679	160995	20702
23	171	204	49	5544.1633	1142	31580	271664	215706	30438
24	119	214	49	3825.2653	1145	16156	187438	131333	15011
25	102	226	49	9480.6531	1360	49358	464552	397912	47998
26	88	237	49	2991.5306	965	12351	146585	99300	11386

==proc_RO_nowout_CN-GFP_CC-Y3_CA-Dy649_top-dwn_1.lif - Series003_Crop004Batch_BlindDeblur001.tif
count	x-corner	y-corner	area	mean	min	max	area*mean	area*mean-area*min	max-min
1	219	46	49	1026.7347	789	1476	50310	11649	687
2	182	49	49	977	771	1214	47873	10094	443
3	204	53	49	1036.4082	749	1439	50784	14083	690
4	224	58	49	1067.9592	756	1461	52330	15286	705
5	173	59	49	1072.551	825	1390	52555	12130	565
6	244	61	49	1040.0816	817	1292	50964	10931	475
7	176	70	49	1022.5918	720	1344	50107	14827	624
8	164	72	49	1032.9388	753	1321	50614	13717	568
9	186	74	49	3721.5714	1088	16027	182357	129045	14939
10	207	73	49	1032.7959	772	1477	50607	12779	705
11	273	76	49	1022.1429	736	1486	50085	14021	750
12	251	81	49	1062.4898	782	1459	52062	13744	677
13	235	83	49	980.1224	762	1159	48026	10688	397
14	264	90	49	1021.551	755	1338	50056	13061	583
15	129	93	49	1018.5102	718	1365	49907	14725	647
16	179	94	49	1035.0612	808	1277	50718	11126	469
17	252	96	49	1025.449	837	1359	50247	9234	522
18	200	99	49	3530.7551	889	12950	173007	129446	12061
19	231	100	49	4179.0408	1166	16849	204773	147639	15683
20	281	101	49	1594.1429	837	4617	78113	37100	3780
21	238	107	49	5038.5102	1171	22387	246887	189508	21216
22	266	113	49	997.2245	773	1318	48864	10987	545
23	125	114	49	1007.2653	749	1268	49356	12655	519
24	205	117	49	1118.3673	840	1541	54800	13640	701
25	135	124	49	4330.4082	1086	16578	212190	158976	15492
26	229	128	49	1156.8367	826	2315	56685	16211	1489
27	102	129	49	983.7347	731	1334	48203	12384	603
28	177	131	49	3138.2245	884	13350	153773	110457	12466
29	294	132	49	1014.4694	765	1335	49709	12224	570
30	161	136	49	1034.7959	742	1268	50705	14347	526
31	191	143	49	1034.6327	804	1484	50697	11301	680
32	208	147	49	2459.3469	919	8439	120508	75477	7520
33	292	147	49	3328.6735	931	14130	163105	117486	13199
34	112	149	49	4809.4898	1220	18162	235665	175885	16942
35	175	148	49	981.1633	760	1345	48077	10837	585
36	156	149	49	1038.7755	830	1365	50900	10230	535
37	255	150	49	5444.0204	1002	24797	266757	217659	23795
38	94	153	49	1070.3265	772	1671	52446	14618	899
39	209	154	49	1088.2653	799	1530	53325	14174	731
40	279	155	49	1077.3878	833	1342	52792	11975	509
41	132	155	49	1022.7347	837	1401	50114	9101	564
42	97	161	49	1015.7551	656	1377	49772	17628	721
43	199	161	49	1124.4694	782	1686	55099	16781	904
44	224	162	49	1120.6939	881	1458	54914	11745	577
45	107	164	49	986.0408	788	1358	48316	9704	570
46	248	167	49	4358.3878	983	18533	213561	165394	17550
47	136	166	49	3516.898	925	17276	172328	127003	16351
48	197	168	49	4367.8367	908	19911	214024	169532	19003
49	169	168	49	1054.5306	885	1439	51672	8307	554
50	287	170	49	2649.4694	910	11286	129824	85234	10376
51	260	172	49	1003.5306	802	1358	49173	9875	556
52	121	177	49	1015.0612	780	1293	49738	11518	513
53	171	179	49	1144.3878	853	1538	56075	14278	685
54	84	179	49	1045.102	800	1437	51210	12010	637
55	202	186	49	4410.7143	959	20217	216125	169134	19258
56	287	186	49	1063.9592	810	1652	52134	12444	842
57	160	187	49	1080.8571	863	1421	52962	10675	558
58	242	188	49	4150.8367	930	14013	203391	157821	13083
59	152	190	49	3817.2857	897	15721	187047	143094	14824
60	274	189	49	966.551	653	1334	47361	15364	681
61	175	191	49	2353.0204	976	8812	115298	67474	7836
62	166	195	49	1312.3878	910	1962	64307	19717	1052
63	250	204	49	4529.3265	923	16988	221937	176710	16065
64	137	205	49	1159.8776	839	1858	56834	15723	1019
65	86	207	49	1043.102	793	1281	51112	12255	488
66	163	207	49	1465.3673	822	4160	71803	31525	3338
67	205	207	49	1045.4898	806	1318	51229	11735	512
68	151	210	49	1195.0408	890	1674	58557	14947	784
69	127	213	49	4570.6531	1132	21086	223962	168494	19954
70	247	212	49	1048.3878	780	1461	51371	13151	681
71	179	215	49	1057.9796	746	1626	51841	15287	880
72	142	217	49	1106.3673	797	1494	54212	15159	697
73	204	220	49	3130.9388	883	12506	153416	110149	11623
74	259	224	49	964.102	768	1212	47241	9609	444
75	165	227	49	1056.1633	780	1418	51752	13532	638
76	225	227	49	1007.9796	794	1292	49391	10485	498
77	244	231	49	1001.6939	701	1422	49083	14734	721
78	81	240	49	2006.2245	814	5445	98305	58419	4631
79	99	246	49	1485.8367	787	6870	72806	34243	6083
80	138	248	49	1055.6122	785	1620	51725	13260	835
81	150	250	49	3027.5102	910	13010	148348	103758	12100
82	205	253	49	5222.3469	1024	23741	255895	205719	22717
83	244	258	49	994.7143	748	1311	48741	12089	563
84	118	265	49	1067.898	783	1374	52327	13960	591
85	188	266	49	1012.8571	821	1353	49630	9401	532
86	144	269	49	3888.2041	956	13485	190522	143678	12529
87	259	268	49	992.6531	800	1321	48640	9440	521
88	110	281	49	984.7755	753	1291	48254	11357	538
89	223	282	49	4935.0816	1135	21380	241819	186204	20245
90	138	282	49	991.6122	753	1661	48589	11692	908
91	174	286	49	1010.4082	775	1376	49510	11535	601
92	117	288	49	1015.4898	780	1238	49759	11539	458
93	138	289	49	1018.6327	617	1557	49913	19680	940
94	128	292	49	1032.2041	818	1575	50578	10496	757
95	152	299	49	992.1224	790	1255	48614	9904	465

==proc_RO_nowout_CN-GFP_CC-Y3_CA-Dy649_top-dwn_1.lif - Series003_Crop005Batch_BlindDeblur001.tif
count	x-corner	y-corner	area	mean	min	max	area*mean	area*mean-area*min	max-min
1	104	47	49	990.8367	747	1366	48551	11948	619
2	142	57	49	4826.0204	997	20097	236475	187622	19100
3	140	79	49	965.3878	778	1483	47304	9182	705
4	102	89	49	7295.7551	1164	25513	357492	300456	24349
5	111	92	49	1247.0816	887	1846	61107	17644	959
6	157	98	49	3095.8571	1027	9985	151697	101374	8958
7	115	100	49	6259.0408	1059	26664	306693	254802	25605
8	60	102	49	932.7347	763	1195	45704	8317	432
9	133	106	49	4981.3061	983	24977	244084	195917	23994
10	118	111	49	6313.9388	1441	20535	309383	238774	19094
11	87	113	49	928.4286	707	1361	45493	10850	654
12	201	113	49	8021.2449	1162	41557	393041	336103	40395
13	172	113	49	1010.5102	803	1254	49515	10168	451
14	159	120	49	9959.7755	1046	45737	488029	436775	44691
15	168	124	49	6665.3061	1021	27346	326600	276571	26325
16	155	130	49	1244.2653	782	2105	60969	22651	1323
17	126	136	49	982.6939	761	1385	48152	10863	624
18	177	137	49	4579.8367	864	22988	224412	182076	22124
19	152	139	49	11805	1646	46492	578445	497791	44846
20	110	140	49	1020.4082	788	1335	50000	11388	547
21	121	146	49	1012.6327	745	1396	49619	13114	651
22	137	146	49	994.1224	780	1305	48712	10492	525
23	115	154	49	7855.0816	1030	36543	384899	334429	35513
24	80	156	49	5618.4694	825	26246	275305	234880	25421
25	99	158	49	5793.2245	1016	32859	283868	234084	31843
26	164	158	49	6257.4082	960	26472	306613	259573	25512
27	128	165	49	6272.4286	1085	26954	307349	254184	25869
28	109	171	49	6292.2449	1075	32224	308320	255645	31149
29	124	173	49	4529.6122	1208	17006	221951	162759	15798
30	188	172	49	937.9592	733	1195	45960	10043	462
31	94	173	49	933.8776	670	1191	45760	12930	521
32	156	176	49	6102.6735	913	29930	299031	254294	29017
33	174	181	49	1024.551	699	1682	50203	15952	983
34	156	196	49	947.5306	752	1396	46429	9581	644
35	183	196	49	968.2041	713	1215	47442	12505	502
36	125	198	49	6134.3061	945	29077	300581	254276	28132
37	139	204	49	6231.3878	917	29471	305338	260405	28554
38	100	205	49	904.3061	718	1162	44311	9129	444
39	157	207	49	942.9796	715	1320	46206	11171	605
40	115	212	49	5022.2857	805	19512	246092	206647	18707
41	134	219	49	5541.9184	869	26314	271554	228973	25445
42	160	235	49	3768.1837	853	17429	184641	142844	16576
43	135	253	49	5728.2449	835	29430	280684	239769	28595

==proc_RO_nowout_CN-GFP_CC-Y3_CA-Dy649_top-dwn_1.lif - Series011_Crop001Batch_BlindDeblur001.tif
count	x-corner	y-corner	area	mean	min	max	area*mean	area*mean-area*min	max-min
1	72	30	49	3721.3673	941	9499	182347	136238	8558
2	117	36	49	4120.2653	932	21189	201893	156225	20257
3	123	57	49	3454.102	964	12972	169251	122015	12008
4	91	57	49	4175.8776	1082	15853	204618	151600	14771
5	205	58	49	3921.5306	956	17572	192155	145311	16616
6	59	61	49	3532.449	1002	15029	173090	123992	14027
7	115	61	49	3642.6122	1025	12715	178488	128263	11690
8	143	64	49	3652.6122	894	16910	178978	135172	16016
9	84	65	49	3477.5714	947	16968	170401	123998	16021
10	110	68	49	3340.4898	1012	15163	163684	114096	14151
11	103	69	49	3883.1429	990	17718	190274	141764	16728
12	121	71	49	4163.6327	964	16539	204018	156782	15575
13	45	83	49	3353.3265	960	13252	164313	117273	12292
14	215	89	49	4378.551	1113	22228	214549	160012	21115
15	83	95	49	3313.6122	927	14611	162367	116944	13684
16	157	106	49	4375.0612	989	21629	214378	165917	20640
17	172	110	49	3761.7347	1066	20045	184325	132091	18979
18	89	119	49	3613.6122	936	19284	177067	131203	18348
19	211	125	49	3033.4898	957	10765	148641	101748	9808
20	128	127	49	5959.5102	871	21678	292016	249337	20807
21	173	127	49	3799.7959	1031	14905	186190	135671	13874
22	231	131	49	3256.8776	970	12199	159587	112057	11229
23	173	134	49	4754.898	1203	21380	232990	174043	20177
24	148	135	49	3844.8571	1081	14924	188398	135429	13843
25	92	136	49	3495.7347	929	14243	171291	125770	13314
26	164	136	49	4449.3061	1452	14464	218016	146868	13012
27	113	140	49	3717.9184	1131	15823	182178	126759	14692
28	94	144	49	4013.6122	1007	17564	196667	147324	16557
29	77	149	49	4034.7755	820	17053	197704	157524	16233
30	161	148	49	2480.898	920	9787	121564	76484	8867
31	192	153	49	4788.2653	942	23941	234625	188467	22999
32	117	172	49	3601.8776	1030	12721	176492	126022	11691
33	198	184	49	3198.3061	850	13120	156717	115067	12270

==proc_RO_nowout_CN-GFP_CC-Y3_CA-Dy649_top-dwn_1.lif - Series011_Crop002Batch_BlindDeblur001.tif
count	x-corner	y-corner	area	mean	min	max	area*mean	area*mean-area*min	max-min
1	239	44	49	5718.9184	1173	25497	280227	222750	24324
2	150	47	49	1038.8367	726	1517	50903	15329	791
3	172	51	49	4424.9592	1056	18829	216823	165079	17773
4	209	58	49	1044.9592	748	1348	51203	14551	600
5	126	69	49	1009.9796	710	1367	49489	14699	657
6	199	78	49	1290.6939	746	2446	63244	26690	1700
7	119	83	49	1002.5714	689	1414	49126	15365	725
8	112	86	49	1090.7347	708	1568	53446	18754	860
9	164	88	49	1141.0408	783	1562	55911	17544	779
10	117	106	49	1440.4694	613	4165	70583	40546	3552
11	251	105	49	5764.0816	1212	24438	282440	223052	23226
12	131	111	49	1120.0612	793	1709	54883	16026	916
13	90	115	49	4218.1224	1142	14819	206688	150730	13677
14	172	123	49	1144.0816	788	2108	56060	17448	1320
15	220	126	49	5908.7755	1482	25655	289530	216912	24173
16	96	132	49	3164.4286	1205	12962	155057	96012	11757
17	136	133	49	1216.2041	918	1639	59594	14612	721
18	165	138	49	1155.1224	872	1582	56601	13873	710
19	115	148	49	1245.1429	793	1563	61012	22155	770
20	148	150	49	5739.2245	1382	20633	281222	213504	19251
21	94	154	49	5200.5918	1277	19805	254829	192256	18528
22	133	155	49	1138.449	805	1638	55784	16339	833
23	187	156	49	1076.0408	854	1279	52726	10880	425
24	172	161	49	4982.2041	1038	22516	244128	193266	21478
25	145	163	49	1566.449	816	2699	76756	36772	1883
26	156	163	49	6182.9796	1225	28268	302966	242941	27043
27	188	163	49	1100.3878	765	1439	53919	16434	674
28	148	170	49	4201	1458	14863	205849	134407	13405
29	131	172	49	5562.2449	1356	27174	272550	206106	25818
30	83	174	49	1206.2857	743	1745	59108	22701	1002
31	117	175	49	5701.8571	1113	27362	279391	224854	26249
32	163	177	49	4878.9592	1354	19089	239069	172723	17735
33	153	181	49	5631.102	1124	32800	275924	220848	31676
34	174	184	49	4546.7959	1360	17453	222793	156153	16093
35	79	187	49	1108	817	1457	54292	14259	640
36	111	190	49	8204.8163	1354	24422	402036	335690	23068
37	88	192	49	1100.9796	826	1640	53948	13474	814
38	277	195	49	2826.3673	909	10073	138492	93951	9164
39	131	198	49	4974.6531	1200	18787	243758	184958	17587
40	40	202	49	5231.2449	1350	24508	256331	190181	23158
41	82	204	49	5654.449	1163	28342	277068	220081	27179
42	45	209	49	4564.7347	1126	13695	223672	168498	12569
43	274	218	49	1057.1837	701	1416	51802	17453	715
44	148	222	49	6555.7143	1240	33302	321230	260470	32062
45	142	246	49	5420.6735	1185	25452	265613	207548	24267
46	74	280	49	6044.2245	1270	27923	296167	233937	26653
47	110	286	49	4866.6531	1180	22896	238466	180646	21716

==proc_RO_nowout_CN-GFP_CC-Y3_CA-Dy649_top-dwn_1.lif - Series011_Crop003Batch_BlindDeblur001.tif
count	x-corner	y-corner	area	mean	min	max	area*mean	area*mean-area*min	max-min
1	132	51	49	933.6939	635	1198	45751	14636	563
2	63	64	49	2563.4898	759	8673	125611	88420	7914
3	153	63	49	3868.551	987	14474	189559	141196	13487
4	170	80	49	942.8776	734	1164	46201	10235	430
5	92	86	49	3133.898	1043	10733	153561	102454	9690
6	204	86	49	3055.2449	908	10446	149707	105215	9538
7	112	96	49	4827.102	1059	14887	236528	184637	13828
8	92	106	49	2900.5102	945	7890	142125	95820	6945
9	149	107	49	2199.2857	836	8015	107765	66801	7179
10	171	115	49	2214.0612	890	7633	108489	64879	6743
11	113	121	49	986.3878	593	1301	48333	19276	708
12	198	126	49	3334.2449	923	9415	163378	118151	8492
13	40	127	49	2495.102	855	8062	122260	80365	7207
14	114	128	49	987.6531	768	1287	48395	10763	519
15	147	127	49	939.898	727	1267	46055	10432	540
16	176	127	49	1065	696	1403	52185	18081	707
17	168	128	49	2189.5714	945	8204	107289	60984	7259
18	239	131	49	3648.4694	969	9454	178775	131294	8485
19	136	138	49	2226.6735	961	6092	109107	62018	5131
20	78	142	49	2950.5714	943	10222	144578	98371	9279
21	87	143	49	2856.5918	923	9677	139973	94746	8754
22	30	147	49	2732.9592	860	9250	133915	91775	8390
23	251	149	49	909.6122	710	1108	44571	9781	398
24	56	150	49	3523.9592	878	10945	172674	129652	10067
25	218	153	49	946.9796	768	1198	46402	8770	430
26	192	154	49	1031.8571	674	1582	50561	17535	908
27	69	157	49	4849.8571	996	17718	237643	188839	16722
28	34	157	49	1527.8571	778	3686	74865	36743	2908
29	249	162	49	928.102	721	1372	45477	10148	651
30	190	168	49	3943.5714	962	13805	193235	146097	12843
31	160	169	49	2421	930	8672	118629	73059	7742
32	227	168	49	956.6122	708	1300	46874	12182	592
33	27	170	49	993.1633	672	1316	48665	15737	644
34	153	171	49	2827.8571	1006	10717	138565	89271	9711
35	120	174	49	3425.6327	912	11543	167856	123168	10631
36	35	180	49	2746.1633	958	8495	134562	87620	7537
37	236	180	49	2230.2449	892	8266	109282	65574	7374
38	209	186	49	1002.449	780	1347	49120	10900	567
39	176	188	49	2503.449	1090	9047	122669	69259	7957
40	41	191	49	2734.9796	813	8498	134014	94177	7685
41	133	192	49	3104.3469	953	7763	152113	105416	6810
42	189	194	49	994.1224	768	1295	48712	11080	527
43	145	197	49	1021.4082	747	1578	50049	13446	831
44	67	216	49	2800.1429	1020	10723	137207	87227	9703
45	139	219	49	3019.3878	791	12926	147950	109191	12135
46	68	227	49	1057.8367	796	1541	51834	12830	745
47	182	237	49	3075.7347	753	12565	150711	113814	11812
48	143	243	49	3409.5918	1011	12486	167070	117531	11475

==proc_RO_nowout_CN-GFP_CC-Y3_CA-Dy649_top-dwn_1.lif - Series011_Crop004Batch_BlindDeblur001.tif
count	x-corner	y-corner	area	mean	min	max	area*mean	area*mean-area*min	max-min
1	60	40	49	3906.1224	956	13584	191400	144556	12628
2	122	51	49	5207.8163	1147	22458	255183	198980	21311
3	92	52	49	4664.551	1123	24578	228563	173536	23455
4	153	56	49	6094.3469	1415	34228	298623	229288	32813
5	81	62	49	5092.9592	1166	25196	249555	192421	24030
6	96	70	49	4071.9796	1040	19101	199527	148567	18061
7	59	76	49	5438.2857	1286	30094	266476	203462	28808
8	69	87	49	4718.2653	1042	27677	231195	180137	26635
9	48	90	49	7846.2449	1680	30505	384466	302146	28825
10	69	101	49	4036.4082	1127	24568	197784	142561	23441
11	51	107	49	6535.9388	1422	25411	320261	250583	23989
12	158	113	49	7412.4286	1137	48395	363209	307496	47258
13	49	117	49	5551.3265	1223	25751	272015	212088	24528
14	61	116	49	5077.8367	1308	27487	248814	184722	26179
15	123	121	49	5171.3878	1166	23642	253398	196264	22476
16	69	126	49	4989.4898	1384	24654	244485	176669	23270
17	130	132	49	5335.7755	1467	22757	261453	189570	21290
18	107	133	49	3240.5918	1007	12930	158789	109446	11923
19	34	135	49	4870.2041	1020	24084	238640	188660	23064
20	124	144	49	4759.2449	1141	22182	233203	177294	21041
21	34	150	49	3283.3061	1029	9391	160882	110461	8362
22	64	158	49	5582.0408	1114	27511	273520	218934	26397
23	129	160	49	5537.6122	919	33161	271343	226312	32242

==proc_RO_nowout_CN-GFP_CC-Y3_CA-Dy649_top-dwn_1.lif - Series011_Crop005Batch_BlindDeblur001.tif
count	x-corner	y-corner	area	mean	min	max	area*mean	area*mean-area*min	max-min
1	175	52	49	4167.0408	888	17106	204185	160673	16218
2	126	56	49	4712.5306	1030	20372	230914	180444	19342
3	100	63	49	4123.3878	984	21024	202046	153830	20040
4	127	70	49	4297.1633	957	22796	210561	163668	21839
5	107	71	49	3896.8163	1066	21254	190944	138710	20188
6	120	76	49	4611.8776	1075	26427	225982	173307	25352
7	177	78	49	4164.7347	896	22418	204072	160168	21522
8	167	79	49	4261.9796	1124	23746	208837	153761	22622
9	158	82	49	3814	933	17639	186886	141169	16706
10	169	95	49	3844.3061	1180	19134	188371	130551	17954
11	145	100	49	3790.2041	1174	14909	185720	128194	13735
12	34	103	49	4622.7959	920	21369	226517	181437	20449
13	70	102	49	4029.2857	1284	18676	197435	134519	17392
14	62	106	49	7775.5714	1297	44448	381003	317450	43151
15	130	106	49	4247.9796	900	17292	208151	164051	16392
16	79	110	49	3766.551	1315	18267	184561	120126	16952
17	140	112	49	3515.8163	1162	13726	172275	115337	12564
18	151	115	49	7286.5714	1283	41781	357042	294175	40498
19	167	117	49	3941.7143	886	18367	193144	149730	17481
20	135	120	49	1102.0408	744	1721	54000	17544	977
21	53	133	49	4696.4898	1090	24819	230128	176718	23729
22	117	133	49	3786.6735	1065	17479	185547	133362	16414
23	150	140	49	5209.0204	1265	25961	255242	193257	24696
24	194	141	49	4207.1224	955	24505	206149	159354	23550
25	78	152	49	3936.5306	1088	19284	192890	139578	18196
26	96	159	49	4297.2245	1064	19380	210564	158428	18316
27	82	166	49	5665.4694	1325	24730	277608	212683	23405
28	143	166	49	3187.3265	983	11484	156179	108012	10501

==proc_RO_nowout_CN-GFP_CC-Y3_CA-Dy649_top-dwn_1.lif - Series011_Crop006Batch_BlindDeblur001.tif
count	x-corner	y-corner	area	mean	min	max	area*mean	area*mean-area*min	max-min
1	165	46	49	4743.7959	1238	21342	232446	171784	20104
2	99	50	49	1294.2245	921	1846	63417	18288	925
3	185	52	49	1247.2857	795	1780	61117	22162	985
4	86	57	49	1305.7959	935	1616	63984	18169	681
5	167	59	49	4391.3265	1167	15509	215175	157992	14342
6	290	64	49	1196.898	867	1632	58648	16165	765
7	129	67	49	1301	833	1922	63749	22932	1089
8	150	69	49	2773.3673	1116	8805	135895	81211	7689
9	113	72	49	3254.5102	1109	15432	159471	105130	14323
10	212	73	49	1214.4694	872	1754	59509	16781	882
11	187	77	49	2967.4082	1008	9480	145403	96011	8472
12	279	77	49	3242.1429	1068	13701	158865	106533	12633
13	110	79	49	2827.7551	952	12148	138560	91912	11196
14	125	79	49	1300.5918	942	1909	63729	17571	967
15	221	86	49	4555.8776	1085	15986	223238	170073	14901
16	242	87	49	3683.4082	1341	10970	180487	114778	9629
17	140	88	49	3915.449	1150	12342	191857	135507	11192
18	41	90	49	2867.4694	1041	10130	140506	89497	9089
19	228	92	49	2560.1837	986	7857	125449	77135	6871
20	177	94	49	3731.7551	1176	10240	182856	125232	9064
21	220	94	49	3588.7347	1245	10454	175848	114843	9209
22	212	94	49	3023.9388	1155	13316	148173	91578	12161
23	129	100	49	2762.2449	1080	13263	135350	82430	12183
24	151	101	49	2632.5306	1012	10463	128994	79406	9451
25	281	104	49	4631.4898	797	20458	226943	187890	19661
26	72	108	49	3898.4694	1238	10593	191025	130363	9355
27	227	108	49	2854.6939	878	12151	139880	96858	11273
28	157	110	49	3897.0408	1029	12737	190955	140534	11708
29	209	113	49	4310.7755	1190	16698	211228	152918	15508
30	270	117	49	4135.4898	1063	23233	202639	150552	22170
31	198	118	49	4790.5306	945	23102	234736	188431	22157
32	73	122	49	3458.9388	1035	10827	169488	118773	9792
33	216	123	49	1183.8776	662	1710	58010	25572	1048
34	140	126	49	4561	1266	13815	223489	161455	12549
35	271	130	49	2483.6122	813	10462	121697	81860	9649
36	115	135	49	2718.7959	1033	10540	133221	82604	9507
37	191	138	49	3973.4898	1077	14390	194701	141928	13313
38	278	147	49	1218.9184	850	1645	59727	18077	795
39	234	151	49	3120.2857	1110	11650	152894	98504	10540
40	187	152	49	1185.7551	765	1623	58102	20617	858
41	98	169	49	5318.8571	1198	25493	260624	201922	24295
42	140	169	49	3369.1224	1048	16737	165087	113735	15689
43	200	174	49	2363.9388	975	8440	115833	68058	7465
44	239	179	49	4842.1429	1194	15362	237265	178759	14168
45	289	181	49	1228.2857	799	1821	60186	21035	1022
46	191	182	49	1205.6939	833	1923	59079	18262	1090
47	157	199	49	3226.9388	1073	14775	158120	105543	13702
48	165	199	49	2326.1837	918	10044	113983	69001	9126
49	175	213	49	1171.3469	767	1501	57396	19813	734
50	255	214	49	2423.0816	1052	10854	118731	67183	9802
51	264	216	49	2447.7959	873	9264	119942	77165	8391

==proc_RO_nowout_CN-GFP_CC-Y3_CA-Dy649_top-dwn_1.lif - Series011_Crop007Batch_BlindDeblur001.tif
count	x-corner	y-corner	area	mean	min	max	area*mean	area*mean-area*min	max-min
1	140	32	49	8098.0612	1340	40872	396805	331145	39532
2	235	54	49	8182.1633	1211	47870	400926	341587	46659
3	166	59	49	7175.9388	1211	39925	351621	292282	38714
4	247	58	49	6297.3673	1020	35146	308571	258591	34126
5	256	66	49	7306.0204	1044	33608	357995	306839	32564
6	128	67	49	8144.4898	1186	41174	399080	340966	39988
7	78	70	49	6911.7959	1192	41254	338678	280270	40062
8	185	76	49	16195.1224	3805	47848	793561	607116	44043
9	NA	NA	NA	NA	NA	NA	NA	NA	NA
10	145	84	49	7000.4286	1043	36244	343021	291914	35201
11	132	91	49	1493.102	938	2184	73162	27200	1246
12	266	101	49	7718.2449	1545	34134	378194	302489	32589
13	57	105	49	7999.0612	1201	46919	391954	333105	45718
14	186	105	49	13240.9796	1463	64078	648808	577121	62615
15	133	109	49	11231.4694	1591	43293	550342	472383	41702
16	174	113	49	7644.3469	1683	38596	374573	292106	36913
17	204	116	49	8505.3878	1516	45844	416764	342480	44328
18	78	133	49	10138.7551	1278	40528	496799	434177	39250
19	220	148	49	7284.4898	1082	38284	356940	303922	37202
20	266	149	49	12228.6122	2281	51601	599202	487433	49320
21	260	156	49	7087.2857	1421	37041	347277	277648	35620
22	175	157	49	6333.4898	1090	26030	310341	256931	24940
23	231	159	49	7903.1429	1372	39200	387254	320026	37828
24	135	165	49	7257.6939	1447	41344	355627	284724	39897
25	105	165	49	6210.5714	1064	33401	304318	252182	32337
26	114	183	49	7007.2653	826	39399	343356	302882	38573
27	245	192	49	7491.5306	1213	47744	367085	307648	46531
28	95	199	49	6269.6939	1161	29796	307215	250326	28635
29	263	215	49	7084.8163	762	36823	347156	309818	36061
30	174	234	49	8737.4286	1214	46857	428134	368648	45643

==proc_RO_nowout_CN-GFP_CC-Y3_CA-Dy649_top-dwn_1.lif - Series011_Crop008Batch_BlindDeblur001.tif
count	x-corner	y-corner	area	mean	min	max	area*mean	area*mean-area*min	max-min
1	190	70	49	1297.9796	980	1998	63601	15581	1018
2	86	77	49	4583.2449	1156	21125	224579	167935	19969
3	182	75	49	4511.2857	1048	30413	221053	169701	29365
4	152	91	49	3961.6531	1008	18948	194121	144729	17940
5	210	97	49	1338.2245	899	2118	65573	21522	1219
6	163	104	49	3727.4286	1210	19616	182644	123354	18406
7	170	109	49	5235.2653	1146	33268	256528	200374	32122
8	96	118	49	4961.3061	903	22618	243104	198857	21715
9	150	119	49	4504.8163	1390	16666	220736	152626	15276
10	120	122	49	4007	1209	21799	196343	137102	20590
11	92	126	49	1379.8776	884	2615	67614	24298	1731
12	204	127	49	5272.7551	1297	36534	258365	194812	35237
13	153	129	49	5487.5102	953	35013	268888	222191	34060
14	172	129	49	4027.102	1017	23823	197328	147495	22806
15	73	131	49	4532.4694	1202	25905	222091	163193	24703
16	97	140	49	4509.8367	995	22459	220982	172227	21464
17	69	141	49	4018.9184	1010	24346	196927	147437	23336
18	174	140	49	6398	1075	41498	313502	260827	40423
19	112	142	49	4583.9388	1049	29160	224613	173212	28111
20	121	146	49	4577.2857	905	34618	224287	179942	33713
21	92	151	49	4691.6122	830	31007	229889	189219	30177
22	97	158	49	3760.3878	1053	21284	184259	132662	20231
23	117	159	49	5031.3061	1338	24951	246534	180972	23613
24	129	172	49	5212.3673	1011	31633	255406	205867	30622
25	175	181	49	1292.551	866	2089	63335	20901	1223
26	139	188	49	3976.7143	1295	19395	194859	131404	18100
27	150	189	49	5415.7143	1388	24940	265370	197358	23552
28	199	194	49	4433.9592	1192	26391	217264	158856	25199
29	122	205	49	4320.8367	1213	25440	211721	152284	24227
30	183	211	49	4807.2857	1608	26766	235557	156765	25158
31	189	224	49	4069.4286	1164	23477	199402	142366	22313
32	127	229	49	1253.2653	856	2058	61410	19466	1202
33	165	233	49	3933.4082	1132	22896	192737	137269	21764
