RO_wout20min_mitotic	RO_wout20min_mitotic

==proc_RO_wout20min_CN-GFP_CC-Y3_CA-Dy649_top-dwn_1.lif - Series003_Crop003Batch_BlindDeblur001.tif
count	x-corner	y-corner	area	mean	min	max	area*mean	area*mean-area*min	max-min
1	181	16	49	2319.9796	992	6519	113679	65071	5527
2	180	25	49	2068.6122	988	5824	101362	52950	4836
3	140	38	49	2609.7755	1072	7263	127879	75351	6191
4	129	39	49	2213.5918	1142	6194	108466	52508	5052
5	98	44	49	2733.6939	904	7351	133951	89655	6447
6	144	45	49	2149.6735	875	5413	105334	62459	4538
7	110	50	49	2395.8367	1056	7255	117396	65652	6199
8	107	58	49	2859.8571	992	10372	140133	91525	9380
9	65	59	49	2302.2653	927	7525	112811	67388	6598
10	115	67	49	2439.6735	1097	7608	119544	65791	6511
11	122	69	49	2844.3061	1164	10113	139371	82335	8949
12	150	81	49	2396.0204	1241	7523	117405	56596	6282
13	157	83	49	2563.1837	1041	8205	125596	74587	7164
14	176	85	49	3562.4694	1414	8587	174561	105275	7173
15	211	89	49	2547.2041	1103	7393	124813	70766	6290
16	73	90	49	2511.1224	1161	7610	123045	66156	6449
17	133	91	49	2869.4898	1192	8324	140605	82197	7132
18	58	92	49	2664.3265	1144	6479	130552	74496	5335
19	72	98	49	2150.6939	1033	4812	105384	54767	3779
20	82	98	49	2136.3061	1131	6094	104679	49260	4963
21	139	99	49	3063.5714	1169	8098	150115	92834	6929
22	78	107	49	1934.0612	1119	3668	94769	39938	2549
23	98	107	49	2798.6939	1179	6471	137136	79365	5292
24	56	108	49	2441.2449	1032	8510	119621	69053	7478
25	134	108	49	2614.6939	955	8054	128120	81325	7099
26	86	113	49	2704.6122	1068	6359	132526	80194	5291
27	52	117	49	2077.8163	1098	7368	101813	48011	6270
28	8	120	49	2341.7143	1041	8123	114744	63735	7082
29	80	120	49	3031.6531	1095	8100	148551	94896	7005
30	134	122	49	2775.8776	1172	8950	136018	78590	7778
31	102	123	49	2472.9592	1134	8236	121175	65609	7102
32	126	127	49	2202.9184	1018	5966	107943	58061	4948
33	119	135	49	1750.8571	1010	3620	85792	36302	2610
34	97	145	49	1522.9388	1047	2561	74624	23321	1514
35	145	150	49	1322.5102	1004	1794	64803	15607	790
36	47	155	49	2674.6939	933	8714	131060	85343	7781
37	86	155	49	2355.3673	961	7574	115413	68324	6613
38	79	163	49	2528.2041	1124	8508	123882	68806	7384
39	108	164	49	3206.1837	1025	8075	157103	106878	7050
40	73	172	49	2213.449	999	6858	108459	59508	5859
41	65	177	49	2090.2041	873	5792	102420	59643	4919
42	111	182	49	2641.449	1275	8215	129431	66956	6940

==proc_RO_wout20min_CN-GFP_CC-Y3_CA-Dy649_top-dwn_1.lif - Series007_Crop002Batch_BlindDeblur001.tif
count	x-corner	y-corner	area	mean	min	max	area*mean	area*mean-area*min	max-min
1	103	53	49	2645.8571	1108	7545	129647	75355	6437
2	229	58	49	2759.7959	1307	7034	135230	71187	5727
3	185	62	49	2856.0816	1334	8120	139948	74582	6786
4	153	64	49	2192.9184	973	7827	107453	59776	6854
5	161	69	49	2402.9796	1212	6118	117746	58358	4906
6	78	74	49	2519.4898	1136	7808	123455	67791	6672
7	242	84	49	3066.3469	1065	9011	150251	98066	7946
8	158	84	49	2539.6939	1212	6844	124445	65057	5632
9	71	89	49	2499.9388	1141	7005	122497	66588	5864
10	223	89	49	3125	1169	13068	153125	95844	11899
11	158	93	49	2555.7755	1116	6336	125233	70549	5220
12	147	97	49	2356	1194	7556	115444	56938	6362
13	45	97	49	2881.0408	1096	7236	141171	87467	6140
14	138	99	49	2402.4694	1360	6024	117721	51081	4664
15	219	101	49	2311.551	1293	5238	113266	49909	3945
16	77	102	49	2422.4694	1140	8540	118701	62841	7400
17	190	102	49	2706.5918	988	9457	132623	84211	8469
18	207	103	49	2102.5918	1240	3896	103027	42267	2656
19	118	109	49	2024.3673	1198	4242	99194	40492	3044
20	197	111	49	2382.2857	1131	6315	116732	61313	5184
21	85	113	49	2333.6735	1110	7215	114350	59960	6105
22	238	115	49	2264.9592	1014	6537	110983	61297	5523
23	70	119	49	2197.8163	1068	5227	107693	55361	4159
24	201	121	49	2572.7755	1085	7291	126066	72901	6206
25	222	124	49	2327.4082	1195	5499	114043	55488	4304
26	121	128	49	2085.3673	1220	5287	102183	42403	4067
27	238	134	49	2533.2653	1172	7854	124130	66702	6682
28	206	138	49	2680.3265	1182	9936	131336	73418	8754
29	199	141	49	2553.5102	1130	6246	125122	69752	5116
30	158	140	49	2627.8367	1157	6271	128764	72071	5114
31	224	150	49	2490.6939	1075	6382	122044	69369	5307
32	231	151	49	2629.3673	1266	6160	128839	66805	4894
33	186	162	49	2928.9592	1292	7848	143519	80211	6556
34	219	165	49	2423.1837	930	6243	118736	73166	5313
35	204	172	49	2686.7755	1118	6155	131652	76870	5037
36	236	175	49	2845.898	1039	11665	139449	88538	10626
37	166	189	49	2650.5102	1107	7708	129875	75632	6601

==proc_RO_wout20min_CN-GFP_CC-Y3_CA-Dy649_top-dwn_1.lif - Series010_Crop001Batch_BlindDeblur001.tif
count	x-corner	y-corner	area	mean	min	max	area*mean	area*mean-area*min	max-min
1	243	33	49	2177.551	1163	6857	106700	49713	5694
2	251	39	49	2793.0612	1339	11006	136860	71249	9667
3	212	43	49	2284.4898	1185	5203	111940	53875	4018
4	194	46	49	2674.6939	1257	7238	131060	69467	5981
5	199	54	49	2600.2449	1438	7733	127412	56950	6295
6	184	58	49	3221.8776	932	14284	157872	112204	13352
7	191	58	49	3036.3673	1028	10719	148782	98410	9691
8	268	58	49	2797.4286	1116	10499	137074	82390	9383
9	271	72	49	2719.2041	1107	6747	133241	78998	5640
10	235	75	49	2649.8367	1168	6850	129842	72610	5682
11	225	84	49	2687.8776	1274	8291	131706	69280	7017
12	239	90	49	2493.5714	1293	7419	122185	58828	6126
13	226	92	49	2524.102	1304	6366	123681	59785	5062
14	169	93	49	2147.5918	1237	6579	105232	44619	5342
15	133	99	49	2237.449	1278	5596	109635	47013	4318
16	233	99	49	2832.8367	1354	9219	138809	72463	7865
17	183	104	49	2635.9184	1235	7346	129160	68645	6111
18	231	107	49	2627.8163	1349	6621	128763	62662	5272
19	211	114	49	2835.7755	1191	10540	138953	80594	9349
20	219	115	49	2486.1837	1121	7298	121823	66894	6177
21	223	122	49	3065.9796	1540	6496	150233	74773	4956
22	244	123	49	2572.5714	1181	6911	126056	68187	5730
23	125	132	49	2472.8776	1246	5473	121171	60117	4227
24	206	132	49	2848.8571	1606	7627	139594	60900	6021
25	235	133	49	2709.6122	1104	7533	132771	78675	6429
26	199	141	49	3606.1224	1536	11437	176700	101436	9901
27	207	144	49	2821.7143	1328	8134	138264	73192	6806
28	160	151	49	3436.6735	1371	9542	168397	101218	8171
29	136	155	49	3159.6735	1334	12547	154824	89458	11213
30	176	157	49	2640.2041	1200	6472	129370	70570	5272
31	188	158	49	2734.3673	1365	6469	133984	67099	5104
32	132	164	49	2400.5918	1260	5694	117629	55889	4434
33	148	164	49	2465.3469	1296	6421	120802	57298	5125
34	137	172	49	2476.6939	1418	7564	121358	51876	6146

==proc_RO_wout20min_CN-GFP_CC-Y3_CA-Dy649_top-dwn_2.lif - Series013_Crop001Batch_BlindDeblur001.tif
count	x-corner	y-corner	area	mean	min	max	area*mean	area*mean-area*min	max-min
1	349	12	49	1427.6939	778	2892	69957	31835	2114
2	338	18	49	788.8367	671	945	38653	5774	274
3	177	127	49	1433.4898	1043	2071	70241	19134	1028
4	164	131	49	1716.4694	988	3541	84107	35695	2553
5	208	132	49	1335	896	2453	65415	21511	1557
6	191	137	49	1376.7755	964	2781	67462	20226	1817
7	218	139	49	1439.5102	970	2477	70536	23006	1507
8	159	146	49	1526.5102	1034	2937	74799	24133	1903
9	174	151	49	1581.5918	1088	2756	77498	24186	1668
10	197	152	49	1425.4898	1071	2471	69849	17370	1400
11	187	153	49	1426.3061	1008	3295	69889	20497	2287
12	205	154	49	1743.8776	1115	3518	85450	30815	2403
13	167	158	49	2076.3469	1327	3792	101741	36718	2465
14	205	165	49	1695.1633	1030	3364	83063	32593	2334
15	92	167	49	1729.2857	1168	3135	84735	27503	1967
16	136	167	49	1516.102	971	2875	74289	26710	1904
17	170	168	49	1415.7143	910	3015	69370	24780	2105
18	152	173	49	1969.4694	1123	3760	96504	41477	2637
19	69	173	49	1482.8163	1134	2423	72658	17092	1289
20	144	173	49	1519.3673	1097	2591	74449	20696	1494
21	183	175	49	1430.3469	987	2544	70087	21724	1557
22	117	185	49	1490.4286	1172	2265	73031	15603	1093
23	105	189	49	1615.8571	1023	2377	79177	29050	1354
24	128	192	49	2039.449	1126	3898	99933	44759	2772
25	158	193	49	1745.2857	1195	3592	85519	26964	2397
26	14	196	49	3659.2857	1254	10096	179305	117859	8842
27	118	196	49	1724.7143	1112	3155	84511	30023	2043
28	156	200	49	1591.5102	1142	2993	77984	22026	1851
29	93	201	49	1615.1224	1164	2536	79141	22105	1372
30	134	203	49	1624.6531	1183	2490	79608	21641	1307
31	68	207	49	1379.898	1048	2384	67615	16263	1336
32	78	210	49	1769.5306	988	3464	86707	38295	2476
33	93	209	49	1515.5714	1049	2447	74263	22862	1398
34	148	209	49	1461.2245	1011	2739	71600	22061	1728
35	124	214	49	1806.449	1058	3265	88516	36674	2207
36	117	214	49	1660.0612	1063	3062	81343	29256	1999
37	157	215	49	1640.1429	1056	2831	80367	28623	1775
38	146	217	49	1611.8776	1011	3023	78982	29443	2012
39	113	222	49	1475.2857	912	3162	72289	27601	2250
40	168	223	49	1539.7551	999	2829	75448	26497	1830
41	159	223	49	1573.2041	1185	2342	77087	19022	1157
42	175	225	49	1430.5306	927	2445	70096	24673	1518
43	110	230	49	1296.102	960	2343	63509	16469	1383
44	148	230	49	1668.0816	1139	2567	81736	25925	1428
45	10	235	49	4250.4082	1203	11853	208270	149323	10650
46	120	236	49	1335.3469	916	2640	65432	20548	1724
47	127	236	49	1496.2245	949	3110	73315	26814	2161
48	143	238	49	1782.4898	1173	3337	87342	29865	2164
49	107	243	49	1525.1224	1023	3059	74731	24604	2036
50	131	246	49	1567.449	1028	2833	76805	26433	1805
51	106	250	49	1600.8367	914	3130	78441	33655	2216
52	99	254	49	1027.6735	878	1254	50356	7334	376
53	47	291	49	3970.4694	1410	11919	194553	125463	10509

==proc_RO_wout20min_CN-GFP_CC-Y3_CA-Dy649_top-dwn_2.lif - Series015_Crop001Batch_BlindDeblur001.tif
count	x-corner	y-corner	area	mean	min	max	area*mean	area*mean-area*min	max-min
1	164	80	49	1782.8367	1050	4344	87359	35909	3294
2	209	87	49	1988.2041	1077	4982	97422	44649	3905
3	160	89	49	1916.7959	948	4618	93923	47471	3670
4	175	94	49	1788.7347	1059	4423	87648	35757	3364
5	145	98	49	2506.3061	977	7445	122809	74936	6468
6	202	97	49	1639.2857	1060	3314	80325	28385	2254
7	173	103	49	1639.4286	1101	3725	80332	26383	2624
8	223	120	49	2043.8776	1211	4910	100150	40811	3699
9	183	122	49	1870.3265	1055	4290	91646	39951	3235
10	163	132	49	2032.8367	1101	4462	99609	45660	3361
11	250	132	49	1740.0408	964	3940	85262	38026	2976
12	265	132	49	1748.1837	1002	3833	85661	36563	2831
13	175	141	49	2091.4286	1122	3991	102480	47502	2869
14	148	143	49	1846.2449	1033	4486	90466	39849	3453
15	157	145	49	2078	1166	5441	101822	44688	4275
16	211	146	49	2026.2041	1073	4714	99284	46707	3641
17	225	145	49	1999.3061	1114	4578	97966	43380	3464
18	165	147	49	1900.7551	1122	3598	93137	38159	2476
19	178	148	49	1866.5102	1095	3990	91459	37804	2895
20	194	149	49	1914.3061	1071	3706	93801	41322	2635
21	214	155	49	2093.8776	1203	4151	102600	43653	2948
22	145	157	49	2679.9388	1079	5938	131317	78446	4859
23	155	161	49	2211.9592	1008	6015	108386	58994	5007
24	174	163	49	2045.5102	1235	5323	100230	39715	4088
25	188	167	49	2063.6939	965	5798	101121	53836	4833
26	130	167	49	1925.1837	1154	4181	94334	37788	3027
27	151	168	49	1820.6122	1149	4474	89210	32909	3325
28	240	168	49	1720.6531	1026	3963	84312	34038	2937
29	204	171	49	2114.4082	1197	5473	103606	44953	4276
30	179	172	49	2122.1837	1126	5182	103987	48813	4056
31	166	175	49	1693.2449	1010	3498	82969	33479	2488
32	214	183	49	2013.0204	1022	5724	98638	48560	4702
33	195	186	49	1935.6939	1024	3969	94849	44673	2945
34	149	188	49	2035.6122	976	4571	99745	51921	3595
35	179	188	49	2041.7959	1119	4668	100048	45217	3549
36	130	190	49	1920.7959	1101	3654	94119	40170	2553
37	141	191	49	2237.551	1035	5360	109640	58925	4325
38	214	194	49	1846.5918	1131	3940	90483	35064	2809
39	150	195	49	1850.2449	1145	3926	90662	34557	2781
40	196	197	49	1622.0408	1092	2866	79480	25972	1774
41	150	203	49	2173.7551	1154	5732	106514	49968	4578
42	162	202	49	2223.3673	1073	5676	108945	56368	4603
43	164	209	49	2240.0408	1187	5961	109762	51599	4774
44	213	210	49	1840.2653	1176	2864	90173	32549	1688
45	194	217	49	2114.6327	1120	5220	103617	48737	4100
46	146	220	49	1230.5306	914	1910	60296	15510	996
47	197	227	49	1892.7959	1003	4135	92747	43600	3132
48	187	233	49	1912.102	1120	4182	93693	38813	3062
49	173	235	49	1955.898	1004	4688	95839	46643	3684
50	169	242	49	2024.8367	1141	5246	99217	43308	4105

==proc_RO_wout20min_CN-GFP_CC-Y3_CA-Dy649_top-dwn_2.lif - Series015_Crop002Batch_BlindDeblur001.tif
count	x-corner	y-corner	area	mean	min	max	area*mean	area*mean-area*min	max-min
1	74	1	49	2603.1633	1317	7367	127555	63022	6050
2	323	1	49	2718.4694	899	10150	133205	89154	9251
3	309	5	49	2777.8367	1216	8100	136114	76530	6884
4	100	8	49	2881.2245	1126	9949	141180	86006	8823
5	326	9	49	2324.2653	1061	7739	113889	61900	6678
6	323	22	49	2464.7143	868	8349	120771	78239	7481
7	267	23	49	2810.1224	1152	9217	137696	81248	8065
8	315	35	49	4727.9388	1087	18337	231669	178406	17250
9	316	74	49	2977.4286	945	10620	145894	99589	9675
10	188	94	49	1863.2041	958	5077	91297	44355	4119
11	217	98	49	1470.8571	917	2770	72072	27139	1853
12	199	104	49	1968.1224	1132	5120	96438	40970	3988
13	186	107	49	1868.6939	1047	4763	91566	40263	3716
14	221	107	49	1869.8163	1105	4354	91621	37476	3249
15	193	112	49	1491.6327	945	2784	73090	26785	1839
16	220	118	49	1947.0612	1142	4060	95406	39448	2918
17	183	121	49	2468.449	1196	4613	120954	62350	3417
18	213	123	49	1920.4694	957	3680	94103	47210	2723
19	223	126	49	1489.3878	1043	2802	72980	21873	1759
20	203	128	49	1646.449	1114	3421	80676	26090	2307
21	176	130	49	2021.9592	1208	3953	99076	39884	2745
22	188	131	49	2322.9796	1159	6389	113826	57035	5230
23	145	137	49	2094.449	1138	4110	102628	46866	2972
24	248	138	49	1953.5714	1046	5994	95725	44471	4948
25	210	141	49	1867.4082	1063	4185	91503	39416	3122
26	240	144	49	1780.0816	994	4306	87224	38518	3312
27	173	146	49	1829.6735	1148	3951	89654	33402	2803
28	199	151	49	2351.4898	1170	6326	115223	57893	5156
29	169	153	49	2051.7347	1098	5333	100535	46733	4235
30	177	157	49	2310.102	1205	4848	113195	54150	3643
31	213	159	49	2585.0408	1204	7511	126667	67671	6307
32	150	161	49	2048.2041	965	4889	100362	53077	3924
33	126	165	49	2127.2041	1197	5397	104233	45580	4200
34	134	166	49	2100.5918	984	5542	102929	54713	4558
35	163	167	49	1964.3878	1083	4567	96255	43188	3484
36	171	173	49	2112	1062	5855	103488	51450	4793
37	187	180	49	2171.7959	1064	5570	106418	54282	4506
38	155	188	49	2054.6122	1098	5511	100676	46874	4413
39	112	190	49	1881.5714	899	4283	92197	48146	3384
40	173	190	49	1704.3673	1065	4058	83514	31329	2993
41	120	193	49	1951.449	1009	5431	95621	46180	4422
42	134	193	49	2885.6122	1032	7797	141395	90827	6765
43	207	200	49	1729.3061	988	3234	84736	36324	2246
44	190	202	49	1874.4082	1035	4546	91846	41131	3511
45	165	221	49	1826.8571	1035	3499	89516	38801	2464

==proc_RO_wout20min_CN-GFP_CC-Y3_CA-Dy649_top-dwn_2.lif - Series015_Crop003Batch_BlindDeblur001.tif
count	x-corner	y-corner	area	mean	min	max	area*mean	area*mean-area*min	max-min
1	136	81	49	2217.3673	963	7481	108651	61464	6518
2	124	95	49	2019.1429	1119	4621	98938	44107	3502
3	156	100	49	2298.2245	1289	7879	112613	49452	6590
4	181	102	49	2455.5102	1087	5628	120320	67057	4541
5	131	103	49	2080.4286	1314	5158	101941	37555	3844
6	123	105	49	2465.9796	1178	7499	120833	63111	6321
7	167	107	49	2183.2449	1174	4992	106979	49453	3818
8	152	110	49	2209.7551	996	6542	108278	59474	5546
9	104	115	49	2057.9592	1218	5528	100840	41158	4310
10	129	114	49	2076.0816	1192	4455	101728	43320	3263
11	142	114	49	1799.2653	1127	3553	88164	32941	2426
12	192	115	49	2301.6122	1176	7579	112779	55155	6403
13	114	121	49	2258.898	1130	5448	110686	55316	4318
14	123	123	49	2176.5306	1039	5059	106650	55739	4020
15	148	124	49	2152.7347	1131	4305	105484	50065	3174
16	86	124	49	1905.102	1009	4820	93350	43909	3811
17	137	126	49	2067.6735	1182	5340	101316	43398	4158
18	178	127	49	2533.9796	1227	8737	124165	64042	7510
19	188	129	49	2463.6939	1198	8013	120721	62019	6815
20	205	134	49	1921.1429	1013	4544	94136	44499	3531
21	129	145	49	1929.6939	1059	4329	94555	42664	3270
22	137	146	49	2035.2449	1323	3883	99727	34900	2560
23	82	149	49	2194.4694	1276	5604	107529	45005	4328
24	168	151	49	2490.9592	1186	9586	122057	63943	8400
25	92	152	49	2012.551	1138	4995	98615	42853	3857
26	182	153	49	2168.3673	1235	5853	106250	45735	4618
27	152	156	49	2347.8571	1081	5953	115045	62076	4872
28	217	157	49	1948.3469	1018	3752	95469	45587	2734
29	165	161	49	2111.7143	1184	5648	103474	45458	4464
30	204	168	49	2243.0816	1206	7059	109911	50817	5853
31	216	169	49	1836.0816	1287	3121	89968	26905	1834
32	83	171	49	2196.1224	1108	5534	107610	53318	4426
33	167	172	49	1963.7347	1317	4114	96223	31690	2797
34	103	179	49	2136.1224	1298	6048	104670	41068	4750
35	242	182	49	2116.6122	1309	5701	103714	39573	4392
36	192	182	49	2118.1429	1164	6016	103789	46753	4852
37	204	183	49	2169.7959	1208	5187	106320	47128	3979
38	233	185	49	2158.5918	1118	7097	105771	50989	5979
39	95	192	49	1798.1224	1020	3374	88108	38128	2354
40	103	200	49	2048.5714	1154	5818	100380	43834	4664
41	119	208	49	2006.7755	1088	4583	98332	45020	3495
42	111	211	49	2203.9796	1241	6091	107995	47186	4850

==proc_RO_wout20min_CN-GFP_CC-Y3_CA-Dy649_top-dwn_2.lif - Series018_Crop001Batch_BlindDeblur001.tif
count	x-corner	y-corner	area	mean	min	max	area*mean	area*mean-area*min	max-min
1	165	76	49	1861.9796	1044	5283	91237	40081	4239
2	135	91	49	1836.2041	1104	3721	89974	35878	2617
3	261	96	49	1833.6122	1277	3297	89847	27274	2020
4	217	100	49	2111.102	873	5067	103444	60667	4194
5	185	102	49	1761.4286	1082	2716	86310	33292	1634
6	194	107	49	1944.2449	1226	3975	95268	35194	2749
7	177	110	49	2267.6735	1111	4509	111116	56677	3398
8	190	122	49	1886.0816	953	3071	92418	45721	2118
9	116	123	49	2046	1054	4031	100254	48608	2977
10	251	123	49	1915.1837	1300	3556	93844	30144	2256
11	103	127	49	1931.3265	1118	3739	94635	39853	2621
12	83	131	49	2081.3878	1057	4213	101988	50195	3156
13	190	131	49	2014.3061	1181	3527	98701	40832	2346
14	254	134	49	1952.102	1174	3939	95653	38127	2765
15	179	135	49	2040.5918	1301	4158	99989	36240	2857
16	109	140	49	1765.6122	1050	3781	86515	35065	2731
17	221	141	49	2062.6327	1397	3824	101069	32616	2427
18	240	141	49	1897.5102	1070	3308	92978	40548	2238
19	150	147	49	1886.4286	1251	3029	92435	31136	1778
20	203	149	49	1992.9184	917	3783	97653	52720	2866
21	118	151	49	1736.0612	1250	2581	85067	23817	1331
22	233	159	49	2056.0816	1174	4395	100748	43222	3221
23	254	162	49	1820.6735	1244	2880	89213	28257	1636
24	154	167	49	1932.1429	1126	3267	94675	39501	2141
25	270	172	49	2079.4694	1221	3983	101894	42065	2762
26	238	177	49	1911.1837	1224	3800	93648	33672	2576
27	98	179	49	1734.4694	1017	2866	84989	35156	1849
28	191	179	49	2111.3265	1237	4054	103455	42842	2817
29	263	189	49	2176.7755	1268	3865	106662	44530	2597
30	218	200	49	2152.2857	1176	4790	105462	47838	3614
31	251	202	49	1791.4898	1100	2616	87783	33883	1516
32	237	211	49	1971	1127	3296	96579	41356	2169
33	269	213	49	2121.3265	991	4963	103945	55386	3972
34	192	226	49	2089.7143	1206	3805	102396	43302	2599

==proc_RO_wout20min_CN-GFP_CC-Y3_CA-Dy649_top-dwn_2.lif - Series020_Crop001Batch_BlindDeblur001.tif
count	x-corner	y-corner	area	mean	min	max	area*mean	area*mean-area*min	max-min
1	187	189	49	1778.0816	865	4229	87126	44741	3364
2	202	190	49	1441.5102	822	3727	70634	30356	2905
3	211	195	49	1667.2653	833	3300	81696	40879	2467
4	118	196	49	1445.2449	893	2981	70817	27060	2088
5	193	198	49	2390.4286	907	6336	117131	72688	5429
6	126	200	49	1781.6531	959	3479	87301	40310	2520
7	206	202	49	1760.4286	856	3992	86261	44317	3136
8	156	212	49	2160.3469	863	5975	105857	63570	5112
9	193	213	49	1823.3878	868	4159	89346	46814	3291
10	140	217	49	2062.3673	838	5475	101056	59994	4637
11	117	225	49	1542.2857	725	3175	75572	40047	2450
12	177	225	49	2213.7143	850	6434	108472	66822	5584
13	126	232	49	2065.8776	1131	4915	101228	45809	3784
14	106	233	49	1943.898	860	5056	95251	53111	4196
15	140	239	49	2202.2041	708	6204	107908	73216	5496
16	117	239	49	1889.5102	1081	4290	92586	39617	3209
17	151	240	49	1946.8367	801	4784	95395	56146	3983
18	93	255	49	2232.9796	920	5624	109416	64336	4704
19	127	268	49	1690.4898	928	4049	82834	37362	3121
20	136	272	49	1963.7347	892	4886	96223	52515	3994
21	139	282	49	1742.6531	767	3728	85390	47807	2961
22	157	286	49	1836.9184	917	3517	90009	45076	2600
23	117	287	49	1888.551	889	3911	92539	48978	3022
24	103	291	49	2006	737	5872	98294	62181	5135
25	179	300	49	1905.7755	877	4889	93383	50410	4012
26	103	304	49	1728.7755	797	4108	84710	45657	3311
27	157	305	49	2042.102	789	6572	100063	61402	5783
28	188	309	49	1721.2245	812	4228	84340	44552	3416
29	159	313	49	1635.8163	864	3615	80155	37819	2751
30	187	319	49	1816.3061	788	4136	88999	50387	3348
31	139	325	49	2321.9796	814	5995	113777	73891	5181
32	153	328	49	2069.7143	802	5837	101416	62118	5035
33	164	336	49	2109.5306	846	6181	103367	61913	5335
34	153	340	49	2104.6939	879	5286	103130	60059	4407
35	125	340	49	2368.2449	830	6606	116044	75374	5776
36	161	346	49	2039.8776	883	5283	99954	56687	4400
37	168	349	49	2195.8776	960	5963	107598	60558	5003
38	149	354	49	1810.3469	928	4269	88707	43235	3341
39	149	361	49	1702.1429	885	3585	83405	40040	2700
40	138	362	49	2393.5714	807	6794	117285	77742	5987
41	160	364	49	1816.3265	817	4358	89000	48967	3541

==proc_RO_wout20min_CN-GFP_CC-Y3_CA-Dy649_top-dwn_3.lif - Series022_Crop001Batch_BlindDeblur001.tif
count	x-corner	y-corner	area	mean	min	max	area*mean	area*mean-area*min	max-min
1	142	51	49	2280.3265	1347	6010	111736	45733	4663
2	178	54	49	2357.0612	1309	5963	115496	51355	4654
3	144	64	49	2464.8776	1317	8240	120779	56246	6923
4	174	64	49	1998.5714	1310	3411	97930	33740	2101
5	162	75	49	2323.6735	1365	6305	113860	46975	4940
6	113	78	49	2239.0204	1292	5348	109712	46404	4056
7	126	79	49	2340.3061	1434	5587	114675	44409	4153
8	134	78	49	2376.5918	1455	4993	116453	45158	3538
9	141	88	49	2404.9184	1259	6012	117841	56150	4753
10	97	89	49	2251.6531	1347	4999	110331	44328	3652
11	117	95	49	2507.4286	1416	6952	122864	53480	5536
12	125	95	49	2991.102	1504	6786	146564	72868	5282
13	96	97	49	2362.3878	1178	5058	115757	58035	3880
14	74	103	49	2255.3265	1393	4800	110511	42254	3407
15	124	104	49	3037.4082	1547	6682	148833	73030	5135
16	142	106	49	2553.2245	1414	5780	125108	55822	4366
17	83	107	49	2113.9796	1194	4041	103585	45079	2847
18	168	107	49	2276.9592	1390	4407	111571	43461	3017
19	178	106	49	2772.6939	1445	6454	135862	65057	5009
20	158	108	49	2469.6122	1391	5312	121011	52852	3921
21	96	111	49	2571.7755	1413	6190	126017	56780	4777
22	76	115	49	2162.0204	1281	5777	105939	43170	4496
23	147	115	49	2724.3673	1296	6528	133494	69990	5232
24	86	116	49	2269.0612	1373	5034	111184	43907	3661
25	111	116	49	2878.2449	1437	7062	141034	70621	5625
26	144	122	49	2412.5714	1494	6004	118216	45010	4510
27	87	126	49	2964.2449	1643	5779	145248	64741	4136
28	126	127	49	3138.4082	1458	8112	153782	82340	6654
29	154	127	49	2278.7755	1411	4538	111660	42521	3127
30	126	135	49	2281.2041	1285	5867	111779	48814	4582
31	87	137	49	2597.1633	1222	6542	127261	67383	5320
32	96	136	49	2428.7959	1355	6081	119011	52616	4726
33	120	144	49	2212.2449	1352	4459	108400	42152	3107
34	141	143	49	2469.8571	1433	5578	121023	50806	4145
35	178	144	49	2323.5102	1391	5264	113852	45693	3873
36	187	149	49	2426.6531	1470	5748	118906	46876	4278
37	127	153	49	2551.9592	1350	6344	125046	58896	4994
38	136	154	49	2625.2857	1418	6598	128639	59157	5180
39	103	162	49	2169.7959	1333	5764	106320	41003	4431
40	190	162	49	2680.3673	1312	6631	131338	67050	5319
41	169	169	49	2300.7551	1189	5990	112737	54476	4801
42	104	170	49	2243.4694	1291	4500	109930	46671	3209
43	124	171	49	2579.8776	1318	5215	126414	61832	3897
44	150	175	49	2131.7959	1269	4486	104458	42277	3217
45	134	176	49	2278.8776	1176	6232	111665	54041	5056
46	155	185	49	2314.6327	1280	4919	113417	50697	3639
47	123	189	49	2177.8571	1196	4501	106715	48111	3305
48	130	192	49	2413	1352	7157	118237	51989	5805
49	158	195	49	2418.1633	1177	6846	118490	60817	5669
50	151	202	49	2127.1224	1220	4132	104229	44449	2912

==proc_RO_wout20min_CN-GFP_CC-Y3_CA-Dy649_top-dwn_3.lif - Series022_Crop002Batch_BlindDeblur001.tif
count	x-corner	y-corner	area	mean	min	max	area*mean	area*mean-area*min	max-min
1	215	64	49	2637.449	1542	6523	129235	53677	4981
2	209	81	49	3264.0408	1591	9402	159938	81979	7811
3	187	85	49	3200.551	1480	7664	156827	84307	6184
4	194	94	49	3294.8776	1421	11951	161449	91820	10530
5	158	93	49	2514.6735	1534	5238	123219	48053	3704
6	233	95	49	3188.3265	1674	7099	156228	74202	5425
7	165	100	49	3095.9796	1551	9195	151703	75704	7644
8	102	105	49	3024.6735	1332	9480	148209	82941	8148
9	204	108	49	2992.2245	1717	9799	146619	62486	8082
10	141	110	49	2861.8571	1590	6733	140231	62321	5143
11	247	111	49	2812.0408	1546	7580	137790	62036	6034
12	128	113	49	3031.7959	1562	10749	148558	72020	9187
13	139	118	49	2928.0204	1513	9099	143473	69336	7586
14	241	118	49	3061.9592	1612	9494	150036	71048	7882
15	153	118	49	2997.9184	1504	7337	146898	73202	5833
16	192	119	49	3133.1633	1844	7848	153525	63169	6004
17	181	123	49	3391.6327	1794	10555	166190	78284	8761
18	153	128	49	3413.4694	1698	9769	167260	84058	8071
19	160	130	49	3025.3265	1557	8080	148241	71948	6523
20	113	133	49	2834.1224	1385	6427	138872	71007	5042
21	203	135	49	3722.1837	1678	9679	182387	100165	8001
22	213	137	49	2907.8163	1701	6258	142483	59134	4557
23	171	138	49	2806.7755	1611	5741	137532	58593	4130
24	240	141	49	2941.9592	1684	7190	144156	61640	5506
25	186	142	49	2782.4694	1528	6840	136341	61469	5312
26	226	143	49	2809.8776	1563	7579	137684	61097	6016
27	119	144	49	3082.7143	1550	9271	151053	75103	7721
28	203	147	49	4222.2653	1754	8813	206891	120945	7059
29	233	150	49	2942.6531	1610	5992	144190	65300	4382
30	176	152	49	3068.6735	1681	9450	150365	67996	7769
31	177	163	49	3528.8776	1647	9734	172915	92212	8087
32	214	164	49	3202.8367	1412	6585	156939	87751	5173
33	180	170	49	3548.4694	1663	8105	173875	92388	6442
34	193	171	49	2893.1224	1517	7468	141763	67430	5951
35	211	174	49	2606.0204	1555	6466	127695	51500	4911
36	172	175	49	2990.898	1548	7395	146554	70702	5847
37	189	178	49	2825.6531	1680	9335	138457	56137	7655

==proc_RO_wout20min_CN-GFP_CC-Y3_CA-Dy649_top-dwn_3.lif - Series024_Crop001Batch_BlindDeblur001.tif
count	x-corner	y-corner	area	mean	min	max	area*mean	area*mean-area*min	max-min
1	106	34	49	1650.7143	1001	3468	80885	31836	2467
2	148	57	49	1883.898	1044	3720	92311	41155	2676
3	68	79	49	1510.3673	956	2970	74008	27164	2014
4	153	82	49	2251.102	1433	3155	110304	40087	1722
5	61	86	49	1520.1837	994	2772	74489	25783	1778
6	180	87	49	2268.6939	1363	5030	111166	44379	3667
7	142	115	49	2129.9796	1137	3727	104369	48656	2590
8	54	117	49	1613.8367	998	3422	79078	30176	2424
9	112	125	49	2254.898	1208	4507	110490	51298	3299
10	76	128	49	1627.0612	1052	2965	79726	28178	1913
11	127	132	49	1239.0816	993	1612	60715	12058	619
12	78	135	49	1724.3878	1022	3762	84495	34417	2740
13	171	142	49	1875.6327	1140	3247	91906	36046	2107
14	33	151	49	1657	1040	2787	81193	30233	1747
15	40	152	49	1938.5714	1045	4106	94990	43785	3061
16	189	166	49	2293.3673	1444	3393	112375	41619	1949
17	196	183	49	1529.7959	989	3017	74960	26499	2028
18	172	184	49	1954.2857	1097	3732	95760	42007	2635
19	1	193	49	1397.449	940	2834	68475	22415	1894
20	37	193	49	1415.551	955	2918	69362	22567	1963
21	23	194	49	1756.898	1112	3943	86088	31600	2831
22	209	197	49	2287.5918	1065	4806	112092	59907	3741
23	156	202	49	1301.5306	950	2004	63775	17225	1054
24	74	208	49	1693.3673	1053	2995	82975	31378	1942
25	82	206	49	1902.7755	970	3924	93236	45706	2954
26	156	209	49	1696.3061	1027	3139	83119	32796	2112
27	11	219	49	1430.7143	1069	2722	70105	17724	1653
28	190	223	49	1883.5102	1128	3709	92292	37020	2581
29	121	227	49	1727.6939	1041	3766	84657	33648	2725
30	161	229	49	1315.5306	990	2000	64461	15951	1010
31	102	231	49	2282.898	1014	5854	111862	62176	4840
32	215	244	49	1742.3265	1028	3497	85374	35002	2469
33	174	254	49	1701.449	949	3514	83371	36870	2565
34	204	253	49	1657.7347	985	3155	81229	32964	2170
35	38	255	49	2091.4286	1104	4648	102480	48384	3544
36	165	254	49	1418.9592	949	2146	69529	23028	1197
37	203	261	49	1930.449	1166	4472	94592	37458	3306
38	193	265	49	1796.3469	1048	3856	88021	36669	2808
39	167	269	49	1706.5102	1025	3256	83619	33394	2231
40	141	277	49	1476.9184	1007	2881	72369	23026	1874
41	184	281	49	1347.7551	980	2078	66040	18020	1098
42	192	285	49	1563.4082	1043	2947	76607	25500	1904
43	19	287	49	2009.3061	1039	4645	98456	47545	3606
44	150	297	49	2042.9796	990	4366	100106	51596	3376
45	174	312	49	1805.6531	995	4161	88477	39722	3166
46	164	315	49	1526.2857	955	2850	74788	27993	1895

==proc_RO_wout20min_CN-GFP_CC-Y3_CA-Dy649_top-dwn_3.lif - Series026_Crop001Batch_BlindDeblur001.tif
count	x-corner	y-corner	area	mean	min	max	area*mean	area*mean-area*min	max-min
1	147	94	49	1158.5306	815	1931	56768	16833	1116
2	147	103	49	1435.449	779	2682	70337	32166	1903
3	104	110	49	1083.0408	693	1907	53069	19112	1214
4	96	115	49	1085.0408	762	2047	53167	15829	1285
5	131	120	49	1168.5714	788	2159	57260	18648	1371
6	186	125	49	1372.3673	883	2533	67246	23979	1650
7	90	133	49	1096.2041	801	1829	53714	14465	1028
8	183	133	49	1324.6939	808	2664	64910	25318	1856
9	128	134	49	1273.1429	854	2137	62384	20538	1283
10	164	135	49	1702.1837	1169	3145	83407	26126	1976
11	97	136	49	1391.6327	887	2385	68190	24727	1498
12	175	137	49	1357.3878	863	2469	66512	24225	1606
13	213	139	49	1121.0816	798	2038	54933	15831	1240
14	155	140	49	1275.5918	931	2534	62504	16885	1603
15	201	144	49	1234.4898	785	2405	60490	22025	1620
16	85	145	49	1236.5714	792	2316	60592	21784	1524
17	101	145	49	1132.7755	869	1676	55506	12925	807
18	213	151	49	1024.0816	753	1793	50180	13283	1040
19	117	154	49	1185.0612	771	2086	58068	20289	1315
20	138	157	49	1192.7551	887	1850	58445	14982	963
21	187	157	49	1457.0612	813	2980	71396	31559	2167
22	128	159	49	1506.8367	874	3147	73835	31009	2273
23	204	159	49	1286.7959	842	2614	63053	21795	1772
24	159	162	49	1276.2857	907	2471	62538	18095	1564
25	178	163	49	1343.1633	940	2684	65815	19755	1744
26	146	167	49	1414.0408	868	2737	69288	26756	1869
27	137	167	49	1231.2449	897	2314	60331	16378	1417
28	89	172	49	1235.3673	771	2600	60533	22754	1829
29	178	172	49	1279.2449	894	2392	62683	18877	1498
30	211	176	49	1296.3469	874	2551	63521	20695	1677
31	142	178	49	1334.8776	734	2976	65409	29443	2242
32	203	181	49	1072.5714	789	1820	52556	13895	1031
33	186	185	49	1242	965	2031	60858	13573	1066
34	178	190	49	1337.4898	895	2579	65537	21682	1684
35	210	195	49	1682.7755	791	3080	82456	43697	2289
36	218	195	49	1145.0612	764	1808	56108	18672	1044
37	193	215	49	1185.8163	782	2471	58105	19787	1689
38	212	220	49	1172.2653	806	2120	57441	17947	1314
39	147	234	49	1128.9388	757	1943	55318	18225	1186
40	194	239	49	995.4082	792	1468	48775	9967	676
41	145	243	49	1222.4694	860	2151	59901	17761	1291
42	196	247	49	1096.7347	756	2071	53740	16696	1315
43	183	247	49	1234.3469	758	2504	60483	23341	1746
44	149	253	49	1126.0408	771	2362	55176	17397	1591

==proc_RO_wout20min_CN-GFP_CC-Y3_CA-Dy649_top-dwn_4.lif - Series028_Crop001Batch_BlindDeblur001.tif
count	x-corner	y-corner	area	mean	min	max	area*mean	area*mean-area*min	max-min
1	137	51	49	1973.6531	943	5417	96709	50502	4474
2	173	55	49	2063.8776	985	5862	101130	52865	4877
3	211	61	49	2294.0408	884	6353	112408	69092	5469
4	139	64	49	2046.0612	891	5494	100257	56598	4603
5	170	64	49	2022.9592	1046	5972	99125	47871	4926
6	157	70	49	2193.3061	1143	6061	107472	51465	4918
7	164	72	49	2204.9184	1108	5787	108041	53749	4679
8	187	78	49	2592.8571	1192	5847	127050	68642	4655
9	83	79	49	2441.9592	1013	7947	119656	70019	6934
10	114	79	49	2641.3673	1003	6980	129427	80280	5977
11	146	85	49	2175.1837	1105	5862	106584	52439	4757
12	103	87	49	1964.2449	957	4417	96248	49355	3460
13	130	89	49	2405.0816	1118	5526	117849	63067	4408
14	54	91	49	2751.2041	1176	6177	134809	77185	5001
15	200	96	49	2212.7755	1002	6083	108426	59328	5081
16	135	96	49	1930.6122	1103	4038	94600	40553	2935
17	193	97	49	2166.1633	1067	5410	106142	53859	4343
18	77	98	49	1968.7551	1060	4175	96469	44529	3115
19	134	105	49	2749.449	1469	5149	134723	62742	3680
20	202	107	49	2060.7959	956	5050	100979	54135	4094
21	81	111	49	2178.6327	954	5941	106753	60007	4987
22	136	112	49	2591.102	1238	6625	126964	66302	5387
23	195	113	49	2392.3878	1065	6849	117227	65042	5784
24	90	114	49	2033.7347	1146	5692	99653	43499	4546
25	171	116	49	2398.0408	1193	6723	117504	59047	5530
26	158	117	49	1900.1633	947	4035	93108	46705	3088
27	71	118	49	2303.7347	1096	7279	112883	59179	6183
28	146	120	49	2347.4082	1077	6533	115023	62250	5456
29	106	120	49	2049.9592	1124	5455	100448	45372	4331
30	221	127	49	2290	1053	6701	112210	60613	5648
31	94	130	49	2348.4898	985	6850	115076	66811	5865
32	106	130	49	2072.8163	1165	4578	101568	44483	3413
33	199	131	49	2293.9184	1083	6365	112402	59335	5282
34	104	143	49	2120.3673	1058	6128	103898	52056	5070
35	71	147	49	2143	927	5443	105007	59584	4516
36	96	147	49	2511.3265	1096	6052	123055	69351	4956
37	105	150	49	2496.7347	1041	7685	122340	71331	6644
38	110	169	49	2449.551	1133	7205	120028	64511	6072
39	108	187	49	2268.3673	1111	7067	111150	56711	5956
40	83	187	49	2342.6735	1046	7289	114791	63537	6243
41	130	189	49	3109.7959	1189	9425	152380	94119	8236
42	101	189	49	2843.4898	1092	8298	139331	85823	7206
43	85	194	49	1961.6939	1036	4157	96123	45359	3121
44	107	200	49	2247.4082	934	4792	110123	64357	3858
45	141	203	49	2210.1429	1061	5074	108297	56308	4013
46	145	210	49	2107.7959	1085	6307	103282	50117	5222
47	92	212	49	2474.7959	1069	8185	121265	68884	7116
48	167	214	49	1635.2653	935	3818	80128	34313	2883
49	93	222	49	2232.5714	1000	7528	109396	60396	6528

==proc_RO_wout20min_CN-GFP_CC-Y3_CA-Dy649_top-dwn_4.lif - Series030_Crop001Batch_BlindDeblur001.tif
count	x-corner	y-corner	area	mean	min	max	area*mean	area*mean-area*min	max-min
1	112	40	49	1375.6531	1061	1901	67407	15418	840
2	180	42	49	1403.551	905	2058	68774	24429	1153
3	137	46	49	1773.0408	1201	3169	86879	28030	1968
4	85	52	49	1789.1633	1275	3263	87669	25194	1988
5	147	55	49	1412.4898	1013	1853	69212	19575	840
6	122	66	49	1970.7959	1071	3645	96569	44090	2574
7	179	71	49	2048.5102	1048	5602	100377	49025	4554
8	66	74	49	2280.3878	1298	4317	111739	48137	3019
9	57	75	49	2074.5306	1192	5178	101652	43244	3986
10	107	75	49	2004.6531	1259	3857	98228	36537	2598
11	119	77	49	1731.2449	1064	3474	84831	32695	2410
12	95	79	49	2103.2449	1135	4138	103059	47444	3003
13	147	80	49	1869.7551	1280	2747	91618	28898	1467
14	104	83	49	2033.2857	990	4466	99631	51121	3476
15	84	91	49	1935.6531	1055	4059	94847	43152	3004
16	93	91	49	2247.2041	1350	4395	110113	43963	3045
17	50	92	49	2292.7143	1188	4421	112343	54131	3233
18	43	98	49	1690.5306	994	3685	82836	34130	2691
19	55	101	49	1911.6735	1188	4230	93672	35460	3042
20	107	102	49	1801.1224	1156	3648	88255	31611	2492
21	73	107	49	1854.0408	1087	3902	90848	37585	2815
22	59	116	49	1552.449	1040	1947	76070	25110	907
23	74	121	49	1663.551	1081	2711	81514	28545	1630
24	42	126	49	1904.9592	1081	4189	93343	40374	3108
25	67	129	49	1596.6939	1237	2001	78238	17625	764
26	84	129	49	1787.4694	1190	3307	87586	29276	2117
27	80	141	49	1965.8163	1045	4922	96325	45120	3877
28	48	147	49	2099.9388	1238	4553	102897	42235	3315
29	39	151	49	1796.5306	923	3936	88030	42803	3013
30	72	153	49	2085.0408	1080	4631	102167	49247	3551
31	106	157	49	2093.9592	1133	5281	102604	47087	4148
32	68	163	49	1738.5714	1144	3115	85190	29134	1971
33	86	168	49	1705.6735	1158	3282	83578	26836	2124
34	114	169	49	1911.4082	1142	3919	93659	37701	2777
35	61	178	49	2236.2041	1345	4857	109574	43669	3512
36	72	179	49	1906.3878	1010	4172	93413	43923	3162

==proc_RO_wout20min_CN-GFP_CC-Y3_CA-Dy649_top-dwn_4.lif - Series032_Crop001Batch_BlindDeblur001.tif
count	x-corner	y-corner	area	mean	min	max	area*mean	area*mean-area*min	max-min
1	93	107	49	1439.7347	896	2160	70547	26643	1264
2	104	107	49	1599.7551	913	3240	78388	33651	2327
3	129	108	49	1380.551	947	2226	67647	21244	1279
4	118	111	49	1755.3673	977	3140	86013	38140	2163
5	197	118	49	1457.2041	875	2585	71403	28528	1710
6	145	130	49	1498.9592	940	2848	73449	27389	1908
7	152	132	49	1725.4694	1038	3007	84548	33686	1969
8	104	143	49	1543.5306	1061	3026	75633	23644	1965
9	161	146	49	1686.9592	991	2659	82661	34102	1668
10	241	150	49	1164.8571	881	1461	57078	13909	580
11	179	154	49	1418.2449	1040	2116	69494	18534	1076
12	194	154	49	1534.1224	869	3082	75172	32591	2213
13	150	155	49	1841.3673	1168	3496	90227	32995	2328
14	200	165	49	1547.6939	1013	3123	75837	26200	2110
15	122	168	49	1744.7143	1135	3294	85491	29876	2159
16	190	167	49	1453.898	1046	2216	71241	19987	1170
17	144	172	49	1679.7143	967	3550	82306	34923	2583
18	124	175	49	1599.2449	955	2570	78363	31568	1615
19	113	178	49	1525.0816	923	2749	74729	29502	1826
20	129	184	49	1485.3469	898	3370	72782	28780	2472
21	195	186	49	1541.0816	997	2987	75513	26660	1990
22	155	191	49	1565.8571	996	3283	76727	27923	2287
23	124	193	49	1384.7551	919	2306	67853	22822	1387
24	144	191	49	1484.6122	1010	2603	72746	23256	1593
25	182	196	49	1416.9796	941	2523	69432	23323	1582
26	135	218	49	1244.6122	915	1685	60986	16151	770

==proc_RO_wout20min_CN-GFP_CC-Y3_CA-Dy649_top-dwn_4.lif - Series032_Crop002Batch_BlindDeblur001.tif
count	x-corner	y-corner	area	mean	min	max	area*mean	area*mean-area*min	max-min
1	160	54	49	1280.9184	678	2851	62765	29543	2173
2	151	63	49	1158.5306	799	2009	56768	17617	1210
3	172	63	49	1886.5102	889	4122	92439	48878	3233
4	204	69	49	1358.5918	790	2415	66571	27861	1625
5	183	73	49	1566.2041	837	2958	76744	35731	2121
6	205	88	49	1511.5918	829	2821	74068	33447	1992
7	175	91	49	1873.1429	995	4416	91784	43029	3421
8	131	97	49	1456	844	2734	71344	29988	1890
9	223	96	49	1576.2041	871	3647	77234	34555	2776
10	135	110	49	2939.6327	1294	6855	144042	80636	5561
11	185	111	49	1533.7347	946	2405	75153	28799	1459
12	124	112	49	816.9388	665	1057	40030	7445	392
13	159	115	49	1509.1837	855	2511	73950	32055	1656
14	200	126	49	1613.1633	834	3216	79045	38179	2382
15	124	133	49	1485.3265	761	3246	72781	35492	2485
16	206	133	49	1417.2041	872	3203	69443	26715	2331
17	170	134	49	1544.7959	927	3038	75695	30272	2111
18	134	142	49	1393.1837	840	3208	68266	27106	2368
19	155	142	49	1413.449	705	2624	69259	34714	1919
20	119	145	49	1098.6327	749	1887	53833	17132	1138
21	195	147	49	1631.3061	962	2955	79934	32796	1993
22	132	150	49	1439.4286	919	2719	70532	25501	1800
23	124	152	49	1336.2245	914	2002	65475	20689	1088
24	104	155	49	1358.0408	790	2682	66544	27834	1892
25	163	162	49	1429.6327	822	2660	70052	29774	1838
26	201	162	49	2280.9592	789	4725	111767	73106	3936
27	151	163	49	1470.7755	741	3026	72068	35759	2285
28	104	167	49	1596.6939	760	3541	78238	40998	2781
29	181	174	49	865.2041	725	1190	42395	6870	465
30	159	181	49	1084.0204	791	1767	53117	14358	976
31	140	191	49	1227.3469	736	2451	60140	24076	1715
32	150	194	49	1436.898	778	3207	70408	32286	2429
33	132	213	49	1000.6735	706	1988	49033	14439	1282
