RO_wout20min_mitotic	RO_wout20min_mitotic

==proc_RO_wout20min_CN-GFP_CC-Y3_CA-Dy649_top-dwn_1.lif - Series003_Crop003Batch_BlindDeblur001.tif
count	x-corner	y-corner	area	mean	min	max	area*mean	area*mean-area*min	max-min
1	181	16	49	4619.2041	756	16483	226341	189297	15727
2	180	25	49	4638.2041	991	16832	227272	178713	15841
3	140	38	49	4240.9184	1114	10951	207805	153219	9837
4	129	39	49	4814.9796	1298	18468	235934	172332	17170
5	98	44	49	5786.5102	1009	18914	283539	234098	17905
6	144	45	49	4467.4694	1390	12059	218906	150796	10669
7	110	50	49	4207.3469	845	13028	206160	164755	12183
8	107	58	49	4191.1429	909	15394	205366	160825	14485
9	65	59	49	4359.5918	1417	11646	213620	144187	10229
10	115	67	49	4933.2653	1156	14319	241730	185086	13163
11	122	69	49	5244.0612	1573	17984	256959	179882	16411
12	150	81	49	5574.1224	1473	18429	273132	200955	16956
13	157	83	49	5748.5714	1542	16543	281680	206122	15001
14	176	85	49	8917.5102	2050	18600	436958	336508	16550
15	211	89	49	6868.1224	1630	19654	336538	256668	18024
16	73	90	49	5674.0408	1143	23484	278028	222021	22341
17	133	91	49	6499.3061	2196	23175	318466	210862	20979
18	58	92	49	3377.7755	1032	10848	165511	114943	9816
19	72	98	49	5643.7347	1253	18337	276543	215146	17084
20	82	98	49	4505.6939	796	15725	220779	181775	14929
21	139	99	49	5214.4082	1423	13193	255506	185779	11770
22	78	107	49	2820.1429	1125	6882	138187	83062	5757
23	98	107	49	6982.0408	1449	20407	342120	271119	18958
24	56	108	49	6152.8367	1507	22906	301489	227646	21399
25	134	108	49	3915.8163	1327	10756	191875	126852	9429
26	86	113	49	5915.3469	1873	17208	289852	198075	15335
27	52	117	49	5076.0204	992	18807	248725	200117	17815
28	8	120	49	4395.449	508	19336	215377	190485	18828
29	80	120	49	7407.898	2187	22190	362987	255824	20003
30	134	122	49	6821.0816	1784	23814	334233	246817	22030
31	102	123	49	5391.0204	1132	21636	264160	208692	20504
32	126	127	49	4262.3061	1318	13370	208853	144271	12052
33	119	135	49	3207.3469	1125	9399	157160	102035	8274
34	97	145	49	2477.2245	1234	9886	121384	60918	8652
35	145	150	49	1478.3265	827	2553	72438	31915	1726
36	47	155	49	4897.8571	1284	19762	239995	177079	18478
37	86	155	49	5229.551	763	19556	256248	218861	18793
38	79	163	49	5702	958	18974	279398	232456	18016
39	108	164	49	7193.0612	750	22290	352460	315710	21540
40	73	172	49	4202.0816	763	16846	205902	168515	16083
41	65	177	49	3590.1633	636	14723	175918	144754	14087
42	111	182	49	3911.4286	1151	12788	191660	135261	11637

==proc_RO_wout20min_CN-GFP_CC-Y3_CA-Dy649_top-dwn_1.lif - Series007_Crop002Batch_BlindDeblur001.tif
count	x-corner	y-corner	area	mean	min	max	area*mean	area*mean-area*min	max-min
1	103	53	49	4632.102	690	14277	226973	193163	13587
2	229	58	49	4421.6939	1175	11062	216663	159088	9887
3	185	62	49	4318.5714	1027	12799	211610	161287	11772
4	153	64	49	2850.9796	623	9081	139698	109171	8458
5	161	69	49	4070.7755	805	13713	199468	160023	12908
6	78	74	49	4170.0612	1018	15084	204333	154451	14066
7	242	84	49	5820.0204	629	13392	285181	254360	12763
8	158	84	49	3446.102	944	9661	168859	122603	8717
9	71	89	49	3745.6327	626	15634	183536	152862	15008
10	223	89	49	3952.2857	677	14366	193662	160489	13689
11	158	93	49	4227.7347	1044	13133	207159	156003	12089
12	147	97	49	3924.3469	1244	12071	192293	131337	10827
13	45	97	49	4360.3061	540	12142	213655	187195	11602
14	138	99	49	3942.2449	810	11538	193170	153480	10728
15	219	101	49	2723.2653	630	8648	133440	102570	8018
16	77	102	49	2971.8776	724	10039	145622	110146	9315
17	190	102	49	4619.898	1004	16626	226375	177179	15622
18	207	103	49	3293.9796	649	9549	161405	129604	8900
19	118	109	49	3015.6122	691	10582	147765	113906	9891
20	197	111	49	3564.1224	809	10281	174642	135001	9472
21	85	113	49	3635.7755	964	11923	178153	130917	10959
22	238	115	49	3852.5714	1062	10491	188776	136738	9429
23	70	119	49	3486.6122	943	10122	170844	124637	9179
24	201	121	49	4270.551	799	13849	209257	170106	13050
25	222	124	49	3852.8163	1045	15226	188788	137583	14181
26	121	128	49	3490.7551	1005	10581	171047	121802	9576
27	238	134	49	3712.7347	1591	10471	181924	103965	8880
28	206	138	49	3798.6327	870	12289	186133	143503	11419
29	199	141	49	3732.6939	795	10318	182902	143947	9523
30	158	140	49	3897.102	1335	9826	190958	125543	8491
31	224	150	49	3191.6122	1356	6168	156389	89945	4812
32	231	151	49	3840.7143	1136	9154	188195	132531	8018
33	186	162	49	5689.3878	884	15785	278780	235464	14901
34	219	165	49	3541.3469	906	10739	173526	129132	9833
35	204	172	49	3596.5714	605	8401	176232	146587	7796
36	236	175	49	5576.6531	822	15330	273256	232978	14508
37	166	189	49	4512.3673	1121	13322	221106	166177	12201

==proc_RO_wout20min_CN-GFP_CC-Y3_CA-Dy649_top-dwn_1.lif - Series010_Crop001Batch_BlindDeblur001.tif
count	x-corner	y-corner	area	mean	min	max	area*mean	area*mean-area*min	max-min
1	243	33	49	3294.7143	922	10381	161441	116263	9459
2	251	39	49	3407.8776	1086	10852	166986	113772	9766
3	212	43	49	2735.0408	697	7792	134017	99864	7095
4	194	46	49	3852.6939	748	11968	188782	152130	11220
5	199	54	49	3140.4898	1033	10833	153884	103267	9800
6	184	58	49	4385.3061	1182	13922	214880	156962	12740
7	191	58	49	4532.449	1002	14258	222090	172992	13256
8	268	58	49	3367.1224	823	10678	164989	124662	9855
9	271	72	49	5013.3878	1177	11921	245656	187983	10744
10	235	75	49	3385.9796	858	10577	165913	123871	9719
11	225	84	49	2954.8367	1012	8914	144787	95199	7902
12	239	90	49	2707.6939	1019	9316	132677	82746	8297
13	226	92	49	4137.8571	1057	13433	202755	150962	12376
14	169	93	49	2774.3673	874	7004	135944	93118	6130
15	133	99	49	2988.2449	1067	8167	146424	94141	7100
16	233	99	49	2876.1837	1193	8899	140933	82476	7706
17	183	104	49	3723.7347	873	10943	182463	139686	10070
18	231	107	49	3320.8571	929	11049	162722	117201	10120
19	211	114	49	5008.7347	910	15198	245428	200838	14288
20	219	115	49	4534.2449	1422	13682	222178	152500	12260
21	223	122	49	5167.3469	1813	9456	253200	164363	7643
22	244	123	49	3758.8367	1151	11455	184183	127784	10304
23	125	132	49	3062.7347	1030	7980	150074	99604	6950
24	206	132	49	4532.898	1852	12925	222112	131364	11073
25	235	133	49	3278.7347	1058	8331	160658	108816	7273
26	199	141	49	3953.8163	1375	12359	193737	126362	10984
27	207	144	49	5110.2041	1258	16707	250400	188758	15449
28	160	151	49	4909.2653	1648	11843	240554	159802	10195
29	136	155	49	4064.6735	1089	13736	199169	145808	12647
30	176	157	49	3019.6122	1149	9524	147961	91660	8375
31	188	158	49	4753	1597	12595	232897	154644	10998
32	132	164	49	3135	942	10378	153615	107457	9436
33	148	164	49	3749.898	951	11358	183745	137146	10407
34	137	172	49	3883.3878	971	11599	190286	142707	10628

==proc_RO_wout20min_CN-GFP_CC-Y3_CA-Dy649_top-dwn_2.lif - Series013_Crop001Batch_BlindDeblur001.tif
count	x-corner	y-corner	area	mean	min	max	area*mean	area*mean-area*min	max-min
1	349	12	49	5121.0204	1425	15300	250930	181105	13875
2	338	18	49	2515.4694	1201	5379	123258	64409	4178
3	177	127	49	4605.551	2033	10740	225672	126055	8707
4	164	131	49	3910.6735	1520	12134	191623	117143	10614
5	208	132	49	2746.3878	960	7595	134573	87533	6635
6	191	137	49	2909.4286	1128	9181	142562	87290	8053
7	218	139	49	4017.8163	1081	11314	196873	143904	10233
8	159	146	49	3506.2449	928	11489	171806	126334	10561
9	174	151	49	3510.7551	1183	9358	172027	114060	8175
10	197	152	49	3079.6939	1184	7770	150905	92889	6586
11	187	153	49	3991.2857	1522	12640	195573	120995	11118
12	205	154	49	3476.0204	989	10956	170325	121864	9967
13	167	158	49	3293.1837	1010	9016	161366	111876	8006
14	205	165	49	4252.0204	1151	13918	208349	151950	12767
15	92	167	49	3280.2857	1375	7812	160734	93359	6437
16	136	167	49	4093.4286	1494	12007	200578	127372	10513
17	170	168	49	3202.1633	1046	11220	156906	105652	10174
18	152	173	49	5661.3673	1294	17233	277407	214001	15939
19	69	173	49	3556.0816	1169	12212	174248	116967	11043
20	144	173	49	2949.5714	909	8658	144529	99988	7749
21	183	175	49	4292.7143	1493	13542	210343	137186	12049
22	117	185	49	2580.7143	1071	8140	126455	73976	7069
23	105	189	49	4624.2653	1407	11740	226589	157646	10333
24	128	192	49	4473.9388	1191	13074	219223	160864	11883
25	158	193	49	3486.8163	1443	9089	170854	100147	7646
26	14	196	49	10021.7755	2050	37969	491067	390617	35919
27	118	196	49	3843.898	915	12935	188351	143516	12020
28	156	200	49	3443.0816	1455	10850	168711	97416	9395
29	93	201	49	4312.8367	1394	14110	211329	143023	12716
30	134	203	49	2513.7551	939	6977	123174	77163	6038
31	68	207	49	3019.8367	964	9575	147972	100736	8611
32	78	210	49	4413.6939	1013	12614	216271	166634	11601
33	93	209	49	3633.7143	1251	10550	178052	116753	9299
34	148	209	49	3774.2245	1037	12521	184937	134124	11484
35	124	214	49	5093.4898	1230	17298	249581	189311	16068
36	117	214	49	3202.8163	1077	9588	156938	104165	8511
37	157	215	49	3407.5306	1045	9494	166969	115764	8449
38	146	217	49	3731.4286	1171	12489	182840	125461	11318
39	113	222	49	3571.2449	1288	12010	174991	111879	10722
40	168	223	49	4053.2041	1291	13907	198607	135348	12616
41	159	223	49	3201.9184	1108	9907	156894	102602	8799
42	175	225	49	3997.8571	1292	12220	195895	132587	10928
43	110	230	49	2228.102	900	6249	109177	65077	5349
44	148	230	49	6889.6531	1498	17280	337593	264191	15782
45	10	235	49	11826.6327	2988	47581	579505	433093	44593
46	120	236	49	3162.8776	971	9604	154981	107402	8633
47	127	236	49	3706.7755	1276	12906	181632	119108	11630
48	143	238	49	4656.4898	1454	14532	228168	156922	13078
49	107	243	49	3451.9592	1268	10352	169146	107014	9084
50	131	246	49	4679.6939	1579	10134	229305	151934	8555
51	106	250	49	3981.449	1118	12943	195091	140309	11825
52	99	254	49	1582.4082	927	3604	77538	32115	2677
53	47	291	49	9054.5714	1491	39350	443674	370615	37859

==proc_RO_wout20min_CN-GFP_CC-Y3_CA-Dy649_top-dwn_2.lif - Series015_Crop001Batch_BlindDeblur001.tif
count	x-corner	y-corner	area	mean	min	max	area*mean	area*mean-area*min	max-min
1	164	80	49	3061.5102	1114	10156	150014	95428	9042
2	209	87	49	3596.3469	1394	12120	176221	107915	10726
3	160	89	49	3364.8571	1082	11339	164878	111860	10257
4	175	94	49	4496.4898	1403	16180	220328	151581	14777
5	145	98	49	5723.6735	1174	18434	280460	222934	17260
6	202	97	49	3840.5102	1402	11100	188185	119487	9698
7	173	103	49	3645.7959	1166	11928	178644	121510	10762
8	223	120	49	5160.1837	1335	14221	252849	187434	12886
9	183	122	49	3426.6531	1156	9451	167906	111262	8295
10	163	132	49	5043.6735	1264	16360	247140	185204	15096
11	250	132	49	4050.8163	1271	11985	198490	136211	10714
12	265	132	49	3879.2857	1175	9195	190085	132510	8020
13	175	141	49	4221.3673	1435	12136	206847	136532	10701
14	148	143	49	3432.6531	1131	9337	168200	112781	8206
15	157	145	49	3290.4286	1301	9374	161231	97482	8073
16	211	146	49	3578.551	1070	11999	175349	122919	10929
17	225	145	49	3054.3265	1136	9871	149662	93998	8735
18	165	147	49	4072.1633	1261	12016	199536	137747	10755
19	178	148	49	2922.5102	945	9076	143203	96898	8131
20	194	149	49	4045.2245	1579	10924	198216	120845	9345
21	214	155	49	4503.8571	1500	12960	220689	147189	11460
22	145	157	49	5298.4898	1390	13612	259626	191516	12222
23	155	161	49	4072.3673	961	13106	199546	152457	12145
24	174	163	49	3583.6531	1025	11705	175599	125374	10680
25	188	167	49	4491.6122	1351	14244	220089	153890	12893
26	130	167	49	5321.9592	1590	16339	260776	182866	14749
27	151	168	49	4127.449	1657	13650	202245	121052	11993
28	240	168	49	3448	1156	12553	168952	112308	11397
29	204	171	49	5013.898	1500	14512	245681	172181	13012
30	179	172	49	4924.7143	1449	16040	241311	170310	14591
31	166	175	49	3542.0612	1037	11261	173561	122748	10224
32	214	183	49	3404.6327	873	11992	166827	124050	11119
33	195	186	49	5388.3469	1007	16113	264029	214686	15106
34	149	188	49	4207.1837	1642	13454	206152	125694	11812
35	179	188	49	4143.551	1522	13329	203034	128456	11807
36	130	190	49	3574.9796	1014	7923	175174	125488	6909
37	141	191	49	4187.4082	962	12970	205183	158045	12008
38	214	194	49	3794.7755	956	11906	185944	139100	10950
39	150	195	49	3803.0612	831	12436	186350	145631	11605
40	196	197	49	3731.6735	1303	9044	182852	119005	7741
41	150	203	49	4103.9184	1254	11398	201092	139646	10144
42	162	202	49	4825.9388	1615	12537	236471	157336	10922
43	164	209	49	4840.7959	1159	14132	237199	180408	12973
44	213	210	49	3707.8163	1138	8057	181683	125921	6919
45	194	217	49	3645.3878	1180	11062	178624	120804	9882
46	146	220	49	1206.2449	778	1981	59106	20984	1203
47	197	227	49	4554.2449	1183	14207	223158	165191	13024
48	187	233	49	3948.5918	1179	12479	193481	135710	11300
49	173	235	49	4100.1837	1245	12764	200909	139904	11519
50	169	242	49	3559.9796	1345	9863	174439	108534	8518

==proc_RO_wout20min_CN-GFP_CC-Y3_CA-Dy649_top-dwn_2.lif - Series015_Crop002Batch_BlindDeblur001.tif
count	x-corner	y-corner	area	mean	min	max	area*mean	area*mean-area*min	max-min
1	74	1	49	5145.8163	1689	12650	252145	169384	10961
2	323	1	49	3754.6735	969	13064	183979	136498	12095
3	309	5	49	5363.4898	1160	19242	262811	205971	18082
4	100	8	49	4375.1633	1187	14480	214383	156220	13293
5	326	9	49	3244.1633	881	11667	158964	115795	10786
6	323	22	49	3549.4694	710	14069	173924	139134	13359
7	267	23	49	4521.4694	1503	14835	221552	147905	13332
8	315	35	49	5425.7959	1182	18033	265864	207946	16851
9	316	74	49	4662.2245	956	17049	228449	181605	16093
10	188	94	49	3842.898	1348	13760	188302	122250	12412
11	217	98	49	2253.5102	983	6102	110422	62255	5119
12	199	104	49	2965.3061	827	7598	145300	104777	6771
13	186	107	49	3131.3469	1338	8048	153436	87874	6710
14	221	107	49	2273.6531	837	6228	111409	70396	5391
15	193	112	49	1949.1633	948	5152	95509	49057	4204
16	220	118	49	2927.4082	986	7750	143443	95129	6764
17	183	121	49	4610.2653	1895	10263	225903	133048	8368
18	213	123	49	2681.1837	1308	8165	131378	67286	6857
19	223	126	49	2795.5918	1215	6577	136984	77449	5362
20	203	128	49	2230.9796	1055	4764	109318	57623	3709
21	176	130	49	4561.1429	1360	16285	223496	156856	14925
22	188	131	49	5169.449	1601	16651	253303	174854	15050
23	145	137	49	3044.2041	1126	7151	149166	93992	6025
24	248	138	49	2789.9796	871	9494	136709	94030	8623
25	210	141	49	3635.9388	1059	10363	178161	126270	9304
26	240	144	49	2397.7347	1051	6626	117489	65990	5575
27	173	146	49	3550.8163	1296	11235	173990	110486	9939
28	199	151	49	4306.6122	1294	13375	211024	147618	12081
29	169	153	49	3753.1429	1197	9061	183904	125251	7864
30	177	157	49	3307.7755	1189	6534	162081	103820	5345
31	213	159	49	3838.1837	1146	10657	188071	131917	9511
32	150	161	49	4390.1633	1221	11881	215118	155289	10660
33	126	165	49	2839.7959	1250	6730	139150	77900	5480
34	134	166	49	4574.2857	1483	15048	224140	151473	13565
35	163	167	49	4010.8367	1203	10901	196531	137584	9698
36	171	173	49	3376.7347	1261	9708	165460	103671	8447
37	187	180	49	4684.1837	1205	14329	229525	170480	13124
38	155	188	49	3059.5306	873	10371	149917	107140	9498
39	112	190	49	3611.3878	1213	9719	176958	117521	8506
40	173	190	49	2636.7551	980	8129	129201	81181	7149
41	120	193	49	3037.1633	1102	9673	148821	94823	8571
42	134	193	49	6131.102	1746	15686	300424	214870	13940
43	207	200	49	2427.8571	911	6040	118965	74326	5129
44	190	202	49	3219.6939	1242	9340	157765	96907	8098
45	165	221	49	2919.2041	1155	7677	143041	86446	6522

==proc_RO_wout20min_CN-GFP_CC-Y3_CA-Dy649_top-dwn_2.lif - Series015_Crop003Batch_BlindDeblur001.tif
count	x-corner	y-corner	area	mean	min	max	area*mean	area*mean-area*min	max-min
1	136	81	49	3468.7551	747	12173	169969	133366	11426
2	124	95	49	3239.3673	718	8205	158729	123547	7487
3	156	100	49	3722.9592	1229	9722	182425	122204	8493
4	181	102	49	3963.7551	1264	8425	194224	132288	7161
5	131	103	49	2624.2857	743	8011	128590	92183	7268
6	123	105	49	3153.8367	842	8208	154538	113280	7366
7	167	107	49	3159.4082	876	9571	154811	111887	8695
8	152	110	49	3586.7347	826	10974	175750	135276	10148
9	104	115	49	3007.2245	721	11773	147354	112025	11052
10	129	114	49	4025.0408	1063	13070	197227	145140	12007
11	142	114	49	2226.4898	657	5309	109098	76905	4652
12	192	115	49	4162.3265	1019	13510	203954	154023	12491
13	114	121	49	3094.6735	840	7751	151639	110479	6911
14	123	123	49	3729.9388	979	12153	182767	134796	11174
15	148	124	49	3563.6735	900	10393	174620	130520	9493
16	86	124	49	3328.0204	1122	10910	163073	108095	9788
17	137	126	49	3045.1633	1152	9685	149213	92765	8533
18	178	127	49	3696.102	1037	10118	181109	130296	9081
19	188	129	49	3126.9184	682	9166	153219	119801	8484
20	205	134	49	3360.4898	1113	7973	164664	110127	6860
21	129	145	49	3180.4898	732	10405	155844	119976	9673
22	137	146	49	3334.1837	864	8101	163375	121039	7237
23	82	149	49	2932.9184	881	9863	143713	100544	8982
24	168	151	49	4713.1633	1265	15283	230945	168960	14018
25	92	152	49	3368.898	1033	8802	165076	114459	7769
26	182	153	49	3653.5306	890	10914	179023	135413	10024
27	152	156	49	3933.0816	1155	8853	192721	136126	7698
28	217	157	49	2826.2041	825	7426	138484	98059	6601
29	165	161	49	2943.7755	883	10149	144245	100978	9266
30	204	168	49	3037.8571	824	9239	148855	108479	8415
31	216	169	49	3177.9796	836	9142	155721	114757	8306
32	83	171	49	3815.1633	728	13123	186943	151271	12395
33	167	172	49	3833.0204	1138	13032	187818	132056	11894
34	103	179	49	3108.7755	930	8901	152330	106760	7971
35	242	182	49	3386.9184	771	10203	165959	128180	9432
36	192	182	49	3085.3265	988	9800	151181	102769	8812
37	204	183	49	2900.3469	708	8803	142117	107425	8095
38	233	185	49	2819.3265	755	9425	138147	101152	8670
39	95	192	49	2349.9184	741	6017	115146	78837	5276
40	103	200	49	3860.0816	956	14442	189144	142300	13486
41	119	208	49	3324.5306	1027	8887	162902	112579	7860
42	111	211	49	3084.6531	833	9677	151148	110331	8844

==proc_RO_wout20min_CN-GFP_CC-Y3_CA-Dy649_top-dwn_2.lif - Series018_Crop001Batch_BlindDeblur001.tif
count	x-corner	y-corner	area	mean	min	max	area*mean	area*mean-area*min	max-min
1	165	76	49	3475.3265	621	13469	170291	139862	12848
2	135	91	49	4338.2245	768	13202	212573	174941	12434
3	261	96	49	4182.7347	1096	10596	204954	151250	9500
4	217	100	49	3980.0408	919	11204	195022	149991	10285
5	185	102	49	2639.6122	609	7735	129341	99500	7126
6	194	107	49	3653	636	12341	178997	147833	11705
7	177	110	49	4887.0408	1491	12470	239465	166406	10979
8	190	122	49	3086.6939	914	7998	151248	106462	7084
9	116	123	49	3984.1429	797	11315	195223	156170	10518
10	251	123	49	3578.3061	1249	12424	175337	114136	11175
11	103	127	49	3424.8776	578	12641	167819	139497	12063
12	83	131	49	2944.0612	738	6311	144259	108097	5573
13	190	131	49	3792.4082	1036	11080	185828	135064	10044
14	254	134	49	3281.2857	570	10908	160783	132853	10338
15	179	135	49	3603.2449	1045	10518	176559	125354	9473
16	109	140	49	2920.5102	845	8698	143105	101700	7853
17	221	141	49	4262.9592	1128	14715	208885	153613	13587
18	240	141	49	2589.898	536	8128	126905	100641	7592
19	150	147	49	2810.4898	608	8905	137714	107922	8297
20	203	149	49	3157.8367	673	10308	154734	121757	9635
21	118	151	49	3509.8776	787	11293	171984	133421	10506
22	233	159	49	3963.6939	930	11870	194221	148651	10940
23	254	162	49	3531.9388	1158	14090	173065	116323	12932
24	154	167	49	3200.449	986	9584	156822	108508	8598
25	270	172	49	3429.7755	1408	9501	168059	99067	8093
26	238	177	49	3596.7143	982	12123	176239	128121	11141
27	98	179	49	3023.4898	1058	7764	148151	96309	6706
28	191	179	49	4175.2449	1073	12064	204587	152010	10991
29	263	189	49	3832.7347	1172	9230	187804	130376	8058
30	218	200	49	5175.4694	978	13821	253598	205676	12843
31	251	202	49	2857.8776	624	9148	140036	109460	8524
32	237	211	49	3050.6122	588	7813	149480	120668	7225
33	269	213	49	5079.7755	858	13581	248909	206867	12723
34	192	226	49	5157.8776	1517	11761	252736	178403	10244

==proc_RO_wout20min_CN-GFP_CC-Y3_CA-Dy649_top-dwn_2.lif - Series020_Crop001Batch_BlindDeblur001.tif
count	x-corner	y-corner	area	mean	min	max	area*mean	area*mean-area*min	max-min
1	187	189	49	5133.2041	957	17593	251527	204634	16636
2	202	190	49	4351.0408	909	15296	213201	168660	14387
3	211	195	49	3364.449	979	8693	164858	116887	7714
4	118	196	49	2393.8367	833	7232	117298	76481	6399
5	193	198	49	4141.6939	797	13851	202943	163890	13054
6	126	200	49	3423.3061	975	9750	167742	119967	8775
7	206	202	49	4062.2449	1103	12432	199050	145003	11329
8	156	212	49	3753.9184	910	12032	183942	139352	11122
9	193	213	49	4977.6122	853	14802	243903	202106	13949
10	140	217	49	4560.0816	998	16403	223444	174542	15405
11	117	225	49	3484.4286	957	9392	170737	123844	8435
12	177	225	49	5132.551	790	19245	251495	212785	18455
13	126	232	49	5023.6531	1189	19095	246159	187898	17906
14	106	233	49	4834.0612	1046	16464	236869	185615	15418
15	140	239	49	4283.551	716	16899	209894	174810	16183
16	117	239	49	3568.6939	941	11269	174866	128757	10328
17	151	240	49	4665.551	955	16121	228612	181817	15166
18	93	255	49	3716.551	896	12951	182111	138207	12055
19	127	268	49	2829.898	1039	8419	138665	87754	7380
20	136	272	49	3780.9796	1076	13527	185268	132544	12451
21	139	282	49	3704.8776	1172	10226	181539	124111	9054
22	157	286	49	5444.0204	1265	12293	266757	204772	11028
23	117	287	49	4455.5714	1172	14798	218323	160895	13626
24	103	291	49	4920.8776	1542	17141	241123	165565	15599
25	179	300	49	5038.3878	1007	14454	246881	197538	13447
26	103	304	49	3430.3469	988	11589	168087	119675	10601
27	157	305	49	4714.6327	933	17881	231017	185300	16948
28	188	309	49	4855.1224	1525	16419	237901	163176	14894
29	159	313	49	3152.8367	791	11583	154489	115730	10792
30	187	319	49	3117.4286	650	10170	152754	120904	9520
31	139	325	49	6014.3061	948	22165	294701	248249	21217
32	153	328	49	3593.7143	1024	13073	176092	125916	12049
33	164	336	49	4707.3673	742	19217	230661	194303	18475
34	153	340	49	4151.3061	670	13163	203414	170584	12493
35	125	340	49	5354.9796	1215	17716	262394	202859	16501
36	161	346	49	4556.8571	1008	14383	223286	173894	13375
37	168	349	49	4420.9388	776	14833	216626	178602	14057
38	149	354	49	4083.2857	1193	10507	200081	141624	9314
39	149	361	49	2854	815	9027	139846	99911	8212
40	138	362	49	3994.9184	1096	13984	195751	142047	12888
41	160	364	49	3832.2449	933	12726	187780	142063	11793

==proc_RO_wout20min_CN-GFP_CC-Y3_CA-Dy649_top-dwn_3.lif - Series022_Crop001Batch_BlindDeblur001.tif
count	x-corner	y-corner	area	mean	min	max	area*mean	area*mean-area*min	max-min
1	142	51	49	4674.6531	1420	15708	229058	159478	14288
2	178	54	49	3258.6735	1321	9169	159675	94946	7848
3	144	64	49	2801.1633	775	9352	137257	99282	8577
4	174	64	49	3652.7755	1118	8980	178986	124204	7862
5	162	75	49	4786.2449	1391	14526	234526	166367	13135
6	113	78	49	4164.898	1562	12035	204080	127542	10473
7	126	79	49	4326.5102	1527	13495	211999	137176	11968
8	134	78	49	3124.8367	1084	9026	153117	100001	7942
9	141	88	49	3672.5714	1335	11997	179956	114541	10662
10	97	89	49	2642.3265	1075	7494	129474	76799	6419
11	117	95	49	3852.0816	1507	11685	188752	114909	10178
12	125	95	49	4029.7755	1489	10797	197459	124498	9308
13	96	97	49	3408.5306	1229	8313	167018	106797	7084
14	74	103	49	3599.8776	1213	10170	176394	116957	8957
15	124	104	49	3916.102	1312	13390	191889	127601	12078
16	142	106	49	3400.5306	1495	10558	166626	93371	9063
17	83	107	49	2769.8776	1266	6682	135724	73690	5416
18	168	107	49	4407.6122	1229	13459	215973	155752	12230
19	178	106	49	3711.0204	1453	10583	181840	110643	9130
20	158	108	49	3283.2857	1242	8959	160881	100023	7717
21	96	111	49	3738.9796	1179	12403	183210	125439	11224
22	76	115	49	3850.6327	1218	14078	188681	128999	12860
23	147	115	49	3538.2857	1509	9827	173376	99435	8318
24	86	116	49	3072.7143	1118	9894	150563	95781	8776
25	111	116	49	3725.7347	1638	7704	182561	102299	6066
26	144	122	49	3015.4694	1252	9961	147758	86410	8709
27	87	126	49	4910.9184	1339	11218	240635	175024	9879
28	126	127	49	3656.7959	1469	10539	179183	107202	9070
29	154	127	49	2780.8367	1177	7170	136261	78588	5993
30	126	135	49	3535.7143	1458	10757	173250	101808	9299
31	87	137	49	3896.3265	895	13409	190920	147065	12514
32	96	136	49	4998.7347	1199	15872	244938	186187	14673
33	120	144	49	3692.6939	1422	9861	180942	111264	8439
34	141	143	49	2673.5918	962	6634	131006	83868	5672
35	178	144	49	3181.0612	1360	8147	155872	89232	6787
36	187	149	49	3892.8367	1062	12343	190749	138711	11281
37	127	153	49	4695.3265	1803	15470	230071	141724	13667
38	136	154	49	4222.5714	1286	13179	206906	143892	11893
39	103	162	49	3162.9184	911	10702	154983	110344	9791
40	190	162	49	3464.3469	1333	10930	169753	104436	9597
41	169	169	49	4133.102	1311	11732	202522	138283	10421
42	104	170	49	3292.102	1365	7440	161313	94428	6075
43	124	171	49	5317.3265	1570	17248	260549	183619	15678
44	150	175	49	3135.102	1144	9563	153620	97564	8419
45	134	176	49	3921.5714	1179	13477	192157	134386	12298
46	155	185	49	3453.3265	1074	10148	169213	116587	9074
47	123	189	49	3098.449	1103	9083	151824	97777	7980
48	130	192	49	3858.102	1510	12298	189047	115057	10788
49	158	195	49	2612.6122	848	8943	128018	86466	8095
50	151	202	49	3215.449	1168	10323	157557	100325	9155

==proc_RO_wout20min_CN-GFP_CC-Y3_CA-Dy649_top-dwn_3.lif - Series022_Crop002Batch_BlindDeblur001.tif
count	x-corner	y-corner	area	mean	min	max	area*mean	area*mean-area*min	max-min
1	215	64	49	3988.6122	1214	13007	195442	135956	11793
2	209	81	49	5144.3061	1421	12695	252071	182442	11274
3	187	85	49	3722.5714	1352	8879	182406	116158	7527
4	194	94	49	4776.1633	1078	15967	234032	181210	14889
5	158	93	49	2490.1633	955	6562	122018	75223	5607
6	233	95	49	4917.3265	1330	11617	240949	175779	10287
7	165	100	49	2949.9592	877	9092	144548	101575	8215
8	102	105	49	4481.102	1564	14724	219574	142938	13160
9	204	108	49	2414.2653	1008	7550	118299	68907	6542
10	141	110	49	4017.4898	1133	11701	196857	141340	10568
11	247	111	49	3762.2449	1115	10691	184350	129715	9576
12	128	113	49	3863.3878	1024	12329	189306	139130	11305
13	139	118	49	3251.7959	1075	9938	159338	106663	8863
14	241	118	49	3965.0408	1367	9887	194287	127304	8520
15	153	118	49	3628.6531	1225	9522	177804	117779	8297
16	192	119	49	4582.5102	1568	11364	224543	147711	9796
17	181	123	49	4125.4082	1397	11362	202145	133692	9965
18	153	128	49	3570.0408	1473	9397	174932	102755	7924
19	160	130	49	4678.8367	1518	15483	229263	154881	13965
20	113	133	49	2585.449	1201	5926	126687	67838	4725
21	203	135	49	6902.9388	1993	16286	338244	240587	14293
22	213	137	49	3847.8367	1392	10214	188544	120336	8822
23	171	138	49	2977.0816	1032	9170	145877	95309	8138
24	240	141	49	4632.2653	1189	14824	226981	168720	13635
25	186	142	49	3707.3061	868	13669	181658	139126	12801
26	226	143	49	3979.0816	1116	12234	194975	140291	11118
27	119	144	49	4548.898	1066	15129	222896	170662	14063
28	203	147	49	5668.9388	1195	13402	277778	219223	12207
29	233	150	49	4051.8571	1763	7490	198541	112154	5727
30	176	152	49	3512.5918	1050	12318	172117	120667	11268
31	177	163	49	4539.7959	1377	12995	222450	154977	11618
32	214	164	49	3925.5306	983	11194	192351	144184	10211
33	180	170	49	4763.1837	1309	12326	233396	169255	11017
34	193	171	49	3559.102	1116	10943	174396	119712	9827
35	211	174	49	4353.6327	1064	14791	213328	161192	13727
36	172	175	49	3729.9388	1193	10102	182767	124310	8909
37	189	178	49	3623.449	1109	12582	177549	123208	11473

==proc_RO_wout20min_CN-GFP_CC-Y3_CA-Dy649_top-dwn_3.lif - Series024_Crop001Batch_BlindDeblur001.tif
count	x-corner	y-corner	area	mean	min	max	area*mean	area*mean-area*min	max-min
1	106	34	49	3718.2653	963	12875	182195	135008	11912
2	148	57	49	3508.2041	820	11346	171902	131722	10526
3	68	79	49	3232.6327	832	10833	158399	117631	10001
4	153	82	49	4909.6531	1664	9555	240573	159037	7891
5	61	86	49	3396.6735	886	10576	166437	123023	9690
6	180	87	49	4025.3673	654	17174	197243	165197	16520
7	142	115	49	3184.1224	651	9556	156022	124123	8905
8	54	117	49	3569.8163	763	11097	174921	137534	10334
9	112	125	49	5367.7143	1675	14729	263018	180943	13054
10	76	128	49	3742.4898	1151	10793	183382	126983	9642
11	127	132	49	2931.7755	922	5778	143657	98479	4856
12	78	135	49	3918.5102	1192	12839	192007	133599	11647
13	171	142	49	3821.3469	733	12485	187246	151329	11752
14	33	151	49	2667.0408	850	7070	130685	89035	6220
15	40	152	49	4102.3878	1302	13028	201017	137219	11726
16	189	166	49	4856.2041	1081	11630	237954	184985	10549
17	196	183	49	2714.0408	1028	9477	132988	82616	8449
18	172	184	49	3767.1224	816	13190	184589	144605	12374
19	1	193	49	4400.6531	1282	14184	215632	152814	12902
20	37	193	49	3486.6327	903	13207	170845	126598	12304
21	23	194	49	4096.4082	871	14830	200724	158045	13959
22	209	197	49	3630.9796	616	14023	177918	147734	13407
23	156	202	49	2342.2041	733	7304	114768	78851	6571
24	74	208	49	3064.7959	666	12313	150175	117541	11647
25	82	206	49	3115.4286	650	12334	152656	120806	11684
26	156	209	49	3013.1429	704	9300	147644	113148	8596
27	11	219	49	4971.0408	1683	17201	243581	161114	15518
28	190	223	49	4513.2857	1016	15971	221151	171367	14955
29	121	227	49	4085.8163	649	15159	200205	168404	14510
30	161	229	49	3114.9184	679	9888	152631	119360	9209
31	102	231	49	4028.102	944	13118	197377	151121	12174
32	215	244	49	4167.3469	920	15057	204200	159120	14137
33	174	254	49	3915.3673	858	12531	191853	149811	11673
34	204	253	49	3747.7755	1167	12687	183641	126458	11520
35	38	255	49	6820.7551	1666	24054	334217	252583	22388
36	165	254	49	2868.898	899	7016	140576	96525	6117
37	203	261	49	4171.0204	1542	12853	204380	128822	11311
38	193	265	49	4388.7143	928	15390	215047	169575	14462
39	167	269	49	3619.7143	1084	11741	177366	124250	10657
40	141	277	49	3401.2041	1094	10690	166659	113053	9596
41	184	281	49	2598.9184	1083	8385	127347	74280	7302
42	192	285	49	2941.2653	1017	9533	144122	94289	8516
43	19	287	49	4533.7143	900	19192	222152	178052	18292
44	150	297	49	3442.7755	902	14381	168696	124498	13479
45	174	312	49	2625.3061	699	9828	128640	94389	9129
46	164	315	49	3343.2653	669	12618	163820	131039	11949

==proc_RO_wout20min_CN-GFP_CC-Y3_CA-Dy649_top-dwn_3.lif - Series026_Crop001Batch_BlindDeblur001.tif
count	x-corner	y-corner	area	mean	min	max	area*mean	area*mean-area*min	max-min
1	147	94	49	3584	890	10945	175616	132006	10055
2	147	103	49	3832.7551	953	11676	187805	141108	10723
3	104	110	49	2073.9184	645	7098	101622	70017	6453
4	96	115	49	2730.1837	1042	8658	133779	82721	7616
5	131	120	49	3311.5102	896	12338	162264	118360	11442
6	186	125	49	3017.0816	1004	9177	147837	98641	8173
7	90	133	49	2327.898	823	7122	114067	73740	6299
8	183	133	49	2410.5102	811	8171	118115	78376	7360
9	128	134	49	2497.9184	746	9200	122398	85844	8454
10	164	135	49	3269.2245	1246	9973	160192	99138	8727
11	97	136	49	3908.2857	999	11459	191506	142555	10460
12	175	137	49	3424.2857	1094	10307	167790	114184	9213
13	213	139	49	2616.8776	799	9011	128227	89076	8212
14	155	140	49	2860.6939	937	9531	140174	94261	8594
15	201	144	49	2975.7347	876	9979	145811	102887	9103
16	85	145	49	3155.4694	749	10942	154618	117917	10193
17	101	145	49	3519.6735	1273	7836	172464	110087	6563
18	213	151	49	2081.4286	813	7453	101990	62153	6640
19	117	154	49	3083.3061	893	8967	151082	107325	8074
20	138	157	49	2024.5918	936	3929	99205	53341	2993
21	187	157	49	2776.7143	831	8123	136059	95340	7292
22	128	159	49	4372.4898	1078	15701	214252	161430	14623
23	204	159	49	2418.3061	804	8214	118497	79101	7410
24	159	162	49	2933.7755	1066	10220	143755	91521	9154
25	178	163	49	3204.7959	1043	10792	157035	105928	9749
26	146	167	49	3206.1633	1136	10877	157102	101438	9741
27	137	167	49	3033.5306	915	9578	148643	103808	8663
28	89	172	49	2417.5102	899	7335	118458	74407	6436
29	178	172	49	3105.551	1043	9974	152172	101065	8931
30	211	176	49	3047.4082	862	10284	149323	107085	9422
31	142	178	49	3180.2041	958	10647	155830	108888	9689
32	203	181	49	2668.9184	907	8712	130777	86334	7805
33	186	185	49	2173.5714	926	5527	106505	61131	4601
34	178	190	49	2900.3673	939	9395	142118	96107	8456
35	210	195	49	4104.3061	1119	11034	201111	146280	9915
36	218	195	49	3149.7959	730	10540	154340	118570	9810
37	193	215	49	2314.3469	834	6560	113403	72537	5726
38	212	220	49	2539.3673	786	6377	124429	85915	5591
39	147	234	49	2831.8571	744	9747	138761	102305	9003
40	194	239	49	2241.6735	691	7915	109842	75983	7224
41	145	243	49	2704.6327	754	8612	132527	95581	7858
42	196	247	49	2378.2857	665	9817	116536	83951	9152
43	183	247	49	2526.898	631	7747	123818	92899	7116
44	149	253	49	1830.3265	742	5701	89686	53328	4959

==proc_RO_wout20min_CN-GFP_CC-Y3_CA-Dy649_top-dwn_4.lif - Series028_Crop001Batch_BlindDeblur001.tif
count	x-corner	y-corner	area	mean	min	max	area*mean	area*mean-area*min	max-min
1	137	51	49	3562.1224	584	11614	174544	145928	11030
2	173	55	49	3608.6939	813	12751	176826	136989	11938
3	211	61	49	4093.6735	1068	11928	200590	148258	10860
4	139	64	49	3445.0204	1023	8533	168806	118679	7510
5	170	64	49	2725.4286	949	8408	133546	87045	7459
6	157	70	49	2886.551	706	9826	141441	106847	9120
7	164	72	49	3809.102	789	10256	186646	147985	9467
8	187	78	49	5167.4082	1250	10331	253203	191953	9081
9	83	79	49	3901.7755	658	16503	191187	158945	15845
10	114	79	49	5223.6735	1080	16507	255960	203040	15427
11	146	85	49	3866.1224	843	11282	189440	148133	10439
12	103	87	49	2872.0816	817	9577	140732	100699	8760
13	130	89	49	3743.1633	968	11162	183415	135983	10194
14	54	91	49	5787.8163	688	17169	283603	249891	16481
15	200	96	49	3901.102	811	12870	191154	151415	12059
16	135	96	49	4421.1429	1156	14108	216636	159992	12952
17	193	97	49	4849.1633	934	14519	237609	191843	13585
18	77	98	49	3667.1837	858	10673	179692	137650	9815
19	134	105	49	6388.5918	1907	15103	313041	219598	13196
20	202	107	49	4068.449	1355	11446	199354	132959	10091
21	81	111	49	2986.0204	783	9817	146315	107948	9034
22	136	112	49	3182	1013	9153	155918	106281	8140
23	195	113	49	3277.3878	919	10448	160592	115561	9529
24	90	114	49	4140.2653	684	15626	202873	169357	14942
25	171	116	49	2884.0204	689	9727	141317	107556	9038
26	158	117	49	2952.2041	915	6961	144658	99823	6046
27	71	118	49	3995.551	732	13780	195782	159914	13048
28	146	120	49	4353.3265	1224	12938	213313	153337	11714
29	106	120	49	2903.4898	938	8397	142271	96309	7459
30	221	127	49	3744.7755	668	13008	183494	150762	12340
31	94	130	49	3042.7551	604	10302	149095	119499	9698
32	106	130	49	3080.3878	695	10023	150939	116884	9328
33	199	131	49	4271.3673	840	16783	209297	168137	15943
34	104	143	49	3540	996	13382	173460	124656	12386
35	71	147	49	3197.7347	912	10139	156689	112001	9227
36	96	147	49	4179.2857	1234	11973	204785	144319	10739
37	105	150	49	4408.0816	693	15867	215996	182039	15174
38	110	169	49	4197.6531	936	16627	205685	159821	15691
39	108	187	49	4515.2653	903	17033	221248	177001	16130
40	83	187	49	4445.2653	916	16039	217818	172934	15123
41	130	189	49	6298.1429	988	23827	308609	260197	22839
42	101	189	49	3774.7959	1337	10948	184965	119452	9611
43	85	194	49	3422.1429	776	10995	167685	129661	10219
44	107	200	49	4743.9184	1175	13108	232452	174877	11933
45	141	203	49	3808.2653	924	12188	186605	141329	11264
46	145	210	49	3366.9796	604	12374	164982	135386	11770
47	92	212	49	4385.2857	996	16117	214879	166075	15121
48	167	214	49	2728.6735	462	9078	133705	111067	8616
49	93	222	49	4309.7551	851	15533	211178	169479	14682

==proc_RO_wout20min_CN-GFP_CC-Y3_CA-Dy649_top-dwn_4.lif - Series030_Crop001Batch_BlindDeblur001.tif
count	x-corner	y-corner	area	mean	min	max	area*mean	area*mean-area*min	max-min
1	112	40	49	963.1837	535	3015	47196	20981	2480
2	180	42	49	1655.2857	670	3157	81109	48279	2487
3	137	46	49	1870.102	723	5727	91635	56208	5004
4	85	52	49	1730.8571	601	3694	84812	55363	3093
5	147	55	49	1125.0408	535	2329	55127	28912	1794
6	122	66	49	2662.3673	618	8542	130456	100174	7924
7	179	71	49	2676.9592	590	9647	131171	102261	9057
8	66	74	49	3066.4694	1151	8769	150257	93858	7618
9	57	75	49	2499.9388	1025	6766	122497	72272	5741
10	107	75	49	2046.2449	618	5667	100266	69984	5049
11	119	77	49	2141.8163	694	5034	104949	70943	4340
12	95	79	49	1602.449	655	4836	78520	46425	4181
13	147	80	49	1585	674	3257	77665	44639	2583
14	104	83	49	2088.7143	693	6082	102347	68390	5389
15	84	91	49	2115.1429	841	6456	103642	62433	5615
16	93	91	49	2416.8776	908	5694	118427	73935	4786
17	50	92	49	2876.6939	799	6621	140958	101807	5822
18	43	98	49	1709.551	686	4986	83768	50154	4300
19	55	101	49	2466.7959	791	6931	120873	82114	6140
20	107	102	49	2463.9796	957	5479	120735	73842	4522
21	73	107	49	2037.3673	837	6350	99831	58818	5513
22	59	116	49	1776.3061	660	5636	87039	54699	4976
23	74	121	49	2119.8571	964	6129	103873	56637	5165
24	42	126	49	2741.1224	813	7474	134315	94478	6661
25	67	129	49	960.8367	582	2744	47081	18563	2162
26	84	129	49	1577.0204	833	3240	77274	36457	2407
27	80	141	49	2557.9184	904	8344	125338	81042	7440
28	48	147	49	2852.5714	983	9476	139776	91609	8493
29	39	151	49	2097.7347	760	4232	102789	65549	3472
30	72	153	49	2958.7143	1075	9309	144977	92302	8234
31	106	157	49	2796.4694	858	9960	137027	94985	9102
32	68	163	49	1869.7755	758	4707	91619	54477	3949
33	86	168	49	2143.5918	791	7275	105036	66277	6484
34	114	169	49	2406.4286	910	5614	117915	73325	4704
35	61	178	49	2721.9184	682	9346	133374	99956	8664
36	72	179	49	1984.2041	744	5153	97226	60770	4409

==proc_RO_wout20min_CN-GFP_CC-Y3_CA-Dy649_top-dwn_4.lif - Series032_Crop001Batch_BlindDeblur001.tif
count	x-corner	y-corner	area	mean	min	max	area*mean	area*mean-area*min	max-min
1	93	107	49	2572.9388	655	6623	126074	93979	5968
2	104	107	49	3167.6122	909	8653	155213	110672	7744
3	129	108	49	2969.2041	859	8274	145491	103400	7415
4	118	111	49	3569.3469	1459	9099	174898	103407	7640
5	197	118	49	2609.7551	728	6644	127878	92206	5916
6	145	130	49	2428.6939	838	6616	119006	77944	5778
7	152	132	49	3968.0612	1059	9138	194435	142544	8079
8	104	143	49	3010.1224	1039	7140	147496	96585	6101
9	161	146	49	3573.1633	816	7574	175085	135101	6758
10	241	150	49	551.6327	412	1314	27030	6842	902
11	179	154	49	2920.3878	1538	4931	143099	67737	3393
12	194	154	49	2461.2449	796	6692	120601	81597	5896
13	150	155	49	3308.2857	1284	6295	162106	99190	5011
14	200	165	49	2420.7551	779	6401	118617	80446	5622
15	122	168	49	3499.0816	1005	9771	171455	122210	8766
16	190	167	49	2753.3061	1183	6177	134912	76945	4994
17	144	172	49	3533.0816	837	7963	173121	132108	7126
18	124	175	49	3117.8571	906	8056	152775	108381	7150
19	113	178	49	2255.2653	752	5829	110508	73660	5077
20	129	184	49	2792.3061	649	8026	136823	105022	7377
21	195	186	49	3818.2041	769	11132	187092	149411	10363
22	155	191	49	2279.3673	632	5972	111689	80721	5340
23	124	193	49	2996.1633	592	9602	146812	117804	9010
24	144	191	49	2862.6735	693	7476	140271	106314	6783
25	182	196	49	2375.5102	734	6628	116400	80434	5894
26	135	218	49	600.5306	476	929	29426	6102	453

==proc_RO_wout20min_CN-GFP_CC-Y3_CA-Dy649_top-dwn_4.lif - Series032_Crop002Batch_BlindDeblur001.tif
count	x-corner	y-corner	area	mean	min	max	area*mean	area*mean-area*min	max-min
1	160	54	49	2215.3469	788	6131	108552	69940	5343
2	151	63	49	2347.7755	979	5186	115041	67070	4207
3	172	63	49	4524.3265	1402	11996	221692	152994	10594
4	204	69	49	2606.6327	952	6147	127725	81077	5195
5	183	73	49	3141.898	766	8376	153953	116419	7610
6	205	88	49	3294.6122	1180	7138	161436	103616	5958
7	175	91	49	4063.2245	1370	9283	199098	131968	7913
8	131	97	49	2510.2041	719	6359	123000	87769	5640
9	223	96	49	3290.8571	1332	9245	161252	95984	7913
10	135	110	49	4577.3265	1164	11214	224289	167253	10050
11	185	111	49	3616.6122	1457	7263	177214	105821	5806
12	124	112	49	1442.2245	811	2864	70669	30930	2053
13	159	115	49	2344.6327	1056	5013	114887	63143	3957
14	200	126	49	3209.6327	1136	7372	157272	101608	6236
15	124	133	49	3238.3265	1071	8342	158678	106199	7271
16	206	133	49	2876.551	866	7715	140951	98517	6849
17	170	134	49	2994.2857	1204	7452	146720	87724	6248
18	134	142	49	1931.5918	924	4780	94648	49372	3856
19	155	142	49	2778.551	1191	4695	136149	77790	3504
20	119	145	49	2144.5918	948	3883	105085	58633	2935
21	195	147	49	2940.3878	1148	6941	144079	87827	5793
22	132	150	49	2877.6531	1024	7302	141005	90829	6278
23	124	152	49	2765.1224	999	6470	135491	86540	5471
24	104	155	49	2566.551	898	5956	125761	81759	5058
25	163	162	49	2305.8367	922	4269	112986	67808	3347
26	201	162	49	4129.1429	1020	10275	202328	152348	9255
27	151	163	49	2813.5918	1089	8043	137866	84505	6954
28	104	167	49	2062.4286	811	5464	101059	61320	4653
29	181	174	49	1218.9184	714	2085	59727	24741	1371
30	159	181	49	2414.3061	1093	6390	118301	64744	5297
31	140	191	49	2349.8367	675	7218	115142	82067	6543
32	150	194	49	2526.4898	646	8054	123798	92144	7408
33	132	213	49	2050.7143	835	5056	100485	59570	4221
