RO_nowout	RO_nowout

==proc_RO_nowout_CN-GFP_CC-Y3_CA-Dy649_top-dwn_1.lif - Series001_Crop001Batch_BlindDeblur001.tif
count	x-corner	y-corner	area	mean	min	max	area*mean	area*mean-area*min	max-min
1	143	48	49	11186.9592	711	30743	548161	513322	30032
2	164	49	49	4287.8163	619	22129	210103	179772	21510
3	96	64	49	4988.7959	700	35710	244451	210151	35010
4	192	74	49	5513.1633	557	24478	270145	242852	23921
5	169	75	49	4830.1224	655	25179	236676	204581	24524
6	158	88	49	3314.0816	829	17536	162390	121769	16707
7	149	90	49	3871.5102	830	21824	189704	149034	20994
8	130	94	49	4607.449	651	22119	225765	193866	21468
9	79	97	49	4969.5306	623	28287	243507	212980	27664
10	164	99	49	8027.7959	1111	41127	393362	338923	40016
11	108	107	49	3885.6327	988	19484	190396	141984	18496
12	89	111	49	2812.3061	419	16407	137803	117272	15988
13	151	114	49	4573.7551	1136	23619	224114	168450	22483
14	162	128	49	4919.6327	983	27606	241062	192895	26623
15	180	130	49	4536.5306	721	25351	222290	186961	24630
16	54	135	49	3628.4082	457	19839	177792	155399	19382
17	196	139	49	15024.5714	2064	39511	736204	635068	37447
18	125	141	49	4112.2449	686	20897	201500	167886	20211
19	52	142	49	4828.8367	505	27245	236613	211868	26740
20	100	143	49	4063.4898	475	24893	199111	175836	24418
21	115	150	49	4535.1429	659	23654	222222	189931	22995
22	123	154	49	3526.7551	529	23312	172811	146890	22783
23	192	158	49	4496.5714	819	25623	220332	180201	24804
24	116	160	49	6031	618	27763	295519	265237	27145
25	93	160	49	3211.4286	638	18688	157360	126098	18050
26	104	163	49	5542.1224	813	29254	271564	231727	28441
27	77	163	49	5052.5102	1011	18744	247573	198034	17733
28	161	165	49	3946.0204	579	21759	193355	164984	21180
29	151	172	49	4041.7551	675	18486	198046	164971	17811
30	83	185	49	5284.6327	602	32413	258947	229449	31811
31	86	196	49	4438.1633	889	26539	217470	173909	25650
32	140	199	49	5193.9388	677	28771	254503	221330	28094

==proc_RO_nowout_CN-GFP_CC-Y3_CA-Dy649_top-dwn_1.lif - Series001_Crop002Batch_BlindDeblur001.tif
count	x-corner	y-corner	area	mean	min	max	area*mean	area*mean-area*min	max-min
1	121	35	49	6906.1837	1000	30502	338403	289403	29502
2	103	50	49	5139.7959	693	26379	251850	217893	25686
3	171	55	49	6366.4286	821	27103	311955	271726	26282
4	155	84	49	5717.9796	802	30504	280181	240883	29702
5	113	85	49	4460.7959	940	20194	218579	172519	19254
6	98	86	49	6146.7551	887	33117	301191	257728	32230
7	97	93	49	5075.0816	913	24024	248679	203942	23111
8	187	94	49	6004.6531	960	31380	294228	247188	30420
9	76	95	49	5999.5102	702	33411	293976	259578	32709
10	108	98	49	7624.0612	712	28367	373579	338691	27655
11	135	102	49	4574.449	889	23236	224148	180587	22347
12	64	104	49	5415.0612	906	23710	265338	220944	22804
13	108	107	49	6551.1429	1157	22497	321006	264313	21340
14	140	111	49	5673.8776	598	32835	278020	248718	32237
15	210	113	49	4929.5102	642	24973	241546	210088	24331
16	70	114	49	4977.1429	603	28499	243880	214333	27896
17	113	128	49	5277.551	659	31826	258600	226309	31167
18	133	139	49	4662.102	686	26874	228443	194829	26188
19	92	144	49	6225.6122	634	31975	305055	273989	31341
20	173	161	49	9729.7959	1547	45301	476760	400957	43754
21	67	165	49	5379.2449	1079	28291	263583	210712	27212
22	180	168	49	5649.6122	1245	26809	276831	215826	25564
23	191	169	49	5241.9388	651	29660	256855	224956	29009
24	157	170	49	5504.3265	847	28271	269712	228209	27424
25	168	175	49	3552.5714	694	18391	174076	140070	17697
26	181	179	49	5799.2857	1078	32374	284165	231343	31296
27	190	188	49	5359.1429	528	31488	262598	236726	30960
28	119	192	49	5618.9796	830	27425	275330	234660	26595
29	137	198	49	4544.1633	686	26530	222664	189050	25844

==proc_RO_nowout_CN-GFP_CC-Y3_CA-Dy649_top-dwn_1.lif - Series001_Crop003Batch_BlindDeblur001.tif
count	x-corner	y-corner	area	mean	min	max	area*mean	area*mean-area*min	max-min
1	1	16	49	5159.7959	801	22757	252830	213581	21956
2	121	40	49	6152.3061	955	33734	301463	254668	32779
3	74	45	49	5343.2653	572	30135	261820	233792	29563
4	82	88	49	6441.9796	581	35916	315657	287188	35335
5	133	102	49	7130.9796	1095	25881	349418	295763	24786
6	34	110	49	5239.8367	417	28981	256752	236319	28564
7	124	111	49	8550.0612	1104	36948	418953	364857	35844
8	174	114	49	5685.5102	652	30476	278590	246642	29824
9	165	116	49	7671.1633	1049	36561	375887	324486	35512
10	96	134	49	5845.9388	661	27722	286451	254062	27061
11	162	141	49	6504.8776	1316	32675	318739	254255	31359
12	82	143	49	5311.7755	660	28715	260277	227937	28055
13	173	143	49	7282.2449	992	39373	356830	308222	38381
14	69	152	49	5504.5306	748	32683	269722	233070	31935
15	180	152	49	5190.3469	776	28618	254327	216303	27842
16	141	155	49	5942.2653	1334	27445	291171	225805	26111
17	90	158	49	4107.3265	646	24833	201259	169605	24187
18	75	159	49	5887.1429	642	34920	288470	257012	34278
19	114	160	49	5557.6939	907	24645	272327	227884	23738
20	74	167	49	4630.2041	568	26403	226880	199048	25835
21	58	179	49	5034.102	631	31485	246671	215752	30854
22	47	181	49	6310.898	696	33911	309234	275130	33215
23	78	183	49	6452.551	1421	30627	316175	246546	29206
24	67	190	49	10823.2653	768	54756	530340	492708	53988
25	125	190	49	3999.102	725	19767	195956	160431	19042
26	114	196	49	5423.9388	1036	26339	265773	215009	25303
27	117	205	49	4972.2857	709	26565	243642	208901	25856
28	145	208	49	5469.7143	1241	27608	268016	207207	26367
29	58	211	49	5526.3878	650	25422	270793	238943	24772
30	115	229	49	1537.8571	695	2619	75355	41300	1924

==proc_RO_nowout_CN-GFP_CC-Y3_CA-Dy649_top-dwn_1.lif - Series001_Crop004Batch_BlindDeblur001.tif
count	x-corner	y-corner	area	mean	min	max	area*mean	area*mean-area*min	max-min
1	NA	NA	NA	NA	NA	NA	NA	NA	NA
2	125	54	49	6170.6327	1077	28957	302361	249588	27880
3	118	62	49	4632.4694	630	24840	226991	196121	24210
4	187	69	49	4984.2449	659	28214	244228	211937	27555
5	90	71	49	5730.8571	997	28676	280812	231959	27679
6	130	82	49	5387.102	811	26373	263968	224229	25562
7	177	90	49	6215.5714	1464	20059	304563	232827	18595
8	53	92	49	6589.7755	852	35078	322899	281151	34226
9	169	93	49	6792.3061	961	31750	332823	285734	30789
10	132	95	49	6231.2857	899	28905	305333	261282	28006
11	111	98	49	5613.2245	836	25026	275048	234084	24190
12	134	106	49	8958.6122	1223	37093	438972	379045	35870
13	124	106	49	4036.2449	847	18112	197776	156273	17265
14	169	116	49	4603.898	713	28290	225591	190654	27577
15	69	118	49	7708.8163	940	39450	377732	331672	38510
16	135	118	49	5883.0204	1017	27716	288268	238435	26699
17	142	126	49	6057.4286	1123	29384	296814	241787	28261
18	71	131	49	11801.551	1271	56253	578276	515997	54982
19	174	134	49	4382.3469	594	24121	214735	185629	23527
20	124	136	49	7733.7755	1003	43656	378955	329808	42653
21	116	139	49	4436.0612	755	21954	217367	180372	21199
22	134	147	49	7147.9592	738	23072	350250	314088	22334
23	62	151	49	5902.3673	747	29089	289216	252613	28342
24	149	151	49	4672.5306	1224	18089	228954	168978	16865
25	118	156	49	4010.8163	839	12428	196530	155419	11589
26	134	159	49	5670.8571	1340	22850	277872	212212	21510
27	76	159	49	5338.0612	896	28126	261565	217661	27230
28	65	160	49	6481.6939	1497	25156	317603	244250	23659
29	64	169	49	3908.2041	1235	15506	191502	130987	14271
30	111	185	49	5028.2857	722	21734	246386	211008	21012
31	54	186	49	5997.8776	712	30076	293896	259008	29364
32	99	194	49	6825.1837	730	35638	334434	298664	34908
33	232	209	49	6296.8163	1505	33810	308544	234799	32305
34	194	236	49	6738.0204	841	36095	330163	288954	35254

==proc_RO_nowout_CN-GFP_CC-Y3_CA-Dy649_top-dwn_1.lif - Series001_Crop005Batch_BlindDeblur001.tif
count	x-corner	y-corner	area	mean	min	max	area*mean	area*mean-area*min	max-min
1	106	55	49	5921.2245	1204	23929	290140	231144	22725
2	96	74	49	4445.4286	943	16838	217826	171619	15895
3	89	79	49	5661.3265	771	30993	277405	239626	30222
4	104	84	49	4624.6735	975	21979	226609	178834	21004
5	123	88	49	5143.0612	1479	17559	252010	179539	16080
6	133	101	49	5812.6122	969	26370	284818	237337	25401
7	119	105	49	6500.3469	1335	26183	318517	253102	24848
8	96	105	49	6468.9388	785	28251	316978	278513	27466
9	142	109	49	4648.4082	1119	19339	227772	172941	18220
10	96	113	49	4992.551	1038	22382	244635	193773	21344
11	65	114	49	6767.9388	1309	33482	331629	267488	32173
12	107	117	49	7138.6122	1265	24604	349792	287807	23339
13	116	121	49	5900.3878	1352	25229	289119	222871	23877
14	96	122	49	5655	1290	23268	277095	213885	21978
15	67	123	49	4980.7143	965	20730	244055	196770	19765
16	142	127	49	9252.8163	1195	42414	453388	394833	41219
17	113	129	49	7197.9796	951	32643	352701	306102	31692
18	129	129	49	5402.2041	1027	18893	264708	214385	17866
19	122	130	49	4887.0204	1230	18825	239464	179194	17595
20	43	146	49	6374.9592	1011	28650	312373	262834	27639
21	95	148	49	4801.0612	789	22820	235252	196591	22031
22	121	149	49	5653.7143	1438	19928	277032	206570	18490
23	55	149	49	6056.2449	851	27165	296756	255057	26314
24	68	159	49	6109.3469	1386	27320	299358	231444	25934
25	45	161	49	10094.449	1664	28854	494628	413092	27190
26	36	170	49	6494.7143	916	29508	318241	273357	28592
27	131	176	49	10359.7347	1358	41753	507627	441085	40395
28	230	175	49	5061.2041	815	24505	247999	208064	23690
29	82	177	49	6788.7959	1230	29071	332651	272381	27841
30	85	193	49	5832.0204	898	28904	285769	241767	28006
31	231	226	49	5250.0612	1021	22773	257253	207224	21752

==proc_RO_nowout_CN-GFP_CC-Y3_CA-Dy649_top-dwn_1.lif - Series003_Crop001Batch_BlindDeblur001.tif
count	x-corner	y-corner	area	mean	min	max	area*mean	area*mean-area*min	max-min
1	174	70	49	5984.8571	1163	19024	293258	236271	17861
2	193	70	49	4478.449	993	14442	219444	170787	13449
3	95	77	49	6259.449	1339	21405	306713	241102	20066
4	127	77	49	3500.102	1302	9228	171505	107707	7926
5	103	79	49	4908.2857	1123	18114	240506	185479	16991
6	189	79	49	3308.2041	1505	7144	162102	88357	5639
7	154	80	49	5581.5714	1330	22792	273497	208327	21462
8	214	82	49	2180.4694	589	5351	106843	77982	4762
9	189	87	49	2629.7347	1168	4947	128857	71625	3779
10	95	88	49	1258.0816	724	3007	61646	26170	2283
11	162	88	49	2113.3061	905	4802	103552	59207	3897
12	146	91	49	1945.7347	895	7577	95341	51486	6682
13	208	93	49	3006.6735	942	10668	147327	101169	9726
14	241	96	49	2398.1224	721	6243	117508	82179	5522
15	129	101	49	4496.0816	1350	14895	220308	154158	13545
16	101	107	49	3037.8367	1004	9155	148854	99658	8151
17	245	107	49	2397.0204	1009	7525	117454	68013	6516
18	213	112	49	6132.5714	1046	23670	300496	249242	22624
19	154	114	49	1804.8776	876	5882	88439	45515	5006
20	193	114	49	5549.2857	1563	19487	271915	195328	17924
21	116	117	49	2699.2653	1030	8756	132264	81794	7726
22	203	119	49	5757.3265	1215	19436	282109	222574	18221
23	149	121	49	4567.6735	1024	14980	223816	173640	13956
24	157	122	49	3159.7347	971	10770	154827	107248	9799
25	191	121	49	2897.0816	1335	7130	141957	76542	5795
26	133	124	49	5603.4694	1066	18699	274570	222336	17633
27	143	129	49	3893.7551	1061	13502	190794	138805	12441
28	83	132	49	1856.6531	746	5248	90976	54422	4502
29	96	131	49	1388.3061	724	3853	68027	32551	3129
30	214	134	49	3472.4694	1006	14637	170151	120857	13631
31	56	138	49	5649.0816	886	20365	276805	233391	19479
32	158	138	49	1557.5306	928	3323	76319	30847	2395
33	132	139	49	1967.1837	913	4043	96392	51655	3130
34	90	141	49	1555.6122	879	3743	76225	33154	2864
35	108	143	49	1642.5102	827	3632	80483	39960	2805
36	140	144	49	5739.3878	1423	15437	281230	211503	14014
37	162	145	49	4464.102	1269	16321	218741	156560	15052
38	76	146	49	1842.8163	791	4133	90298	51539	3342
39	212	146	49	1881.2857	1013	3982	92183	42546	2969
40	235	147	49	5478.2857	1106	17996	268436	214242	16890
41	186	151	49	5269.6122	1206	18893	258211	199117	17687
42	126	154	49	2501.9592	1217	6232	122596	62963	5015
43	233	155	49	2802.1633	1086	6770	137306	84092	5684
44	143	156	49	4556.7959	2034	15249	223283	123617	13215
45	212	156	49	2216.5714	1060	6024	108612	56672	4964
46	82	159	49	1659.9388	744	3280	81337	44881	2536
47	246	163	49	2318.4082	972	4496	113602	65974	3524
48	224	165	49	2221.551	940	7216	108856	62796	6276
49	268	166	49	2592.5714	834	6277	127036	86170	5443
50	59	167	49	3384.5714	732	11087	165844	129976	10355
51	141	167	49	2332.2857	1230	4276	114282	54012	3046
52	164	167	49	2053.3061	976	4023	100612	52788	3047
53	72	169	49	1711.6735	635	4191	83872	52757	3556
54	281	169	49	931.8367	505	2239	45660	20915	1734
55	87	173	49	2381.7143	746	8340	116704	80150	7594
56	79	181	49	3291.2041	1163	8156	161269	104282	6993
57	163	181	49	5557.898	1419	18723	272337	202806	17304
58	200	182	49	1440.5918	883	3553	70589	27322	2670
59	117	182	49	3095.7551	819	12839	151692	111561	12020
60	239	187	49	1987.3061	936	4015	97378	51514	3079
61	88	190	49	1667.5306	706	3870	81709	47115	3164
62	228	190	49	2673.4082	840	6849	130997	89837	6009
63	165	191	49	4108.1633	1233	11176	201300	140883	9943
64	207	191	49	2660.3878	933	7719	130359	84642	6786
65	117	193	49	1097.8163	729	2673	53793	18072	1944
66	133	193	49	2397.7347	846	5477	117489	76035	4631
67	183	200	49	2302.2041	754	7884	112808	75862	7130
68	80	202	49	1653.9388	504	5434	81043	56347	4930
69	144	202	49	2633.551	1116	5727	129044	74360	4611
70	208	208	49	1404.4286	498	4417	68817	44415	3919
71	106	210	49	1503.898	663	3731	73691	41204	3068
72	165	211	49	6097.1837	660	25675	298762	266422	25015

==proc_RO_nowout_CN-GFP_CC-Y3_CA-Dy649_top-dwn_1.lif - Series003_Crop002Batch_BlindDeblur001.tif
count	x-corner	y-corner	area	mean	min	max	area*mean	area*mean-area*min	max-min
1	133	69	49	1151.2041	519	4581	56409	30978	4062
2	147	70	49	6134.1837	2003	18879	300575	202428	16876
3	174	85	49	1661.1837	770	2587	81398	43668	1817
4	66	89	49	1973.6122	806	4253	96707	57213	3447
5	104	92	49	2026.2041	1020	3813	99284	49304	2793
6	137	92	49	1980.8776	667	8727	97063	64380	8060
7	77	94	49	1762.3878	688	3775	86357	52645	3087
8	168	96	49	3311.2245	1068	12353	162250	109918	11285
9	182	103	49	2230	1062	4726	109270	57232	3664
10	168	105	49	8170.1429	1854	18841	400337	309491	16987
11	57	107	49	2602.7551	900	7150	127535	83435	6250
12	87	109	49	1074.0408	569	2759	52628	24747	2190
13	126	113	49	4285.3265	1174	13669	209981	152455	12495
14	215	113	49	1220.7755	606	2959	59818	30124	2353
15	170	120	49	2363.0816	1012	7037	115791	66203	6025
16	149	122	49	2719.1429	956	10137	133238	86394	9181
17	119	122	49	2767.5714	811	10497	135611	95872	9686
18	44	127	49	1438.9796	671	2409	70510	37631	1738
19	97	126	49	7098.7755	1125	17623	347840	292715	16498
20	111	128	49	1895.2041	812	3741	92865	53077	2929
21	169	127	49	6030.8571	1157	25116	295512	238819	23959
22	205	127	49	2247.8163	758	8820	110143	73001	8062
23	119	133	49	1295.0408	713	3094	63457	28520	2381
24	128	136	49	6362.1224	1294	23120	311744	248338	21826
25	159	136	49	6692.2245	1578	25302	327919	250597	23724
26	208	136	49	2011.6327	948	4396	98570	52118	3448
27	261	137	49	1791.6735	541	6036	87792	61283	5495
28	74	137	49	1789.8776	690	7624	87704	53894	6934
29	67	139	49	4025.9388	919	13190	197271	152240	12271
30	179	138	49	5386.7347	856	19190	263950	222006	18334
31	250	140	49	1973.0612	672	5524	96680	63752	4852
32	101	143	49	960.1429	626	1783	47047	16373	1157
33	148	145	49	2883.5102	1071	7139	141292	88813	6068
34	198	146	49	7105.898	1984	25607	348189	250973	23623
35	55	148	49	5054.551	1103	17312	247673	193626	16209
36	271	154	49	1929.8571	853	3918	94563	52766	3065
37	108	156	49	1276.2449	778	2418	62536	24414	1640
38	84	158	49	1126.6531	731	2274	55206	19387	1543
39	129	162	49	2871.2857	1056	9449	140693	88949	8393
40	176	162	49	1523.551	850	3710	74654	33004	2860
41	197	162	49	2408.4898	832	7397	118016	77248	6565
42	190	167	49	1552.1837	913	3609	76057	31320	2696
43	56	166	49	1240.5102	543	3157	60785	34178	2614
44	166	166	49	3043.1429	885	11282	149114	105749	10397
45	45	168	49	1630.4694	515	6519	79893	54658	6004
46	216	168	49	1572.7143	962	2755	77063	29925	1793
47	102	173	49	6718.5714	906	26165	329210	284816	25259
48	239	172	49	2851.6735	1034	5907	139732	89066	4873
49	225	173	49	2673.6735	975	8489	131010	83235	7514
50	85	174	49	5322.6735	882	19756	260811	217593	18874
51	210	177	49	5327.7143	1254	17311	261058	199612	16057
52	197	177	49	5551.2857	998	24968	272013	223111	23970
53	51	179	49	1346.4286	602	2747	65975	36477	2145
54	104	181	49	1303.3061	745	2664	63862	27357	1919
55	155	183	49	2310.9796	871	5254	113238	70559	4383
56	259	183	49	2719.1429	1006	6707	133238	83944	5701
57	205	185	49	4569.4694	1014	21062	223904	174218	20048
58	244	192	49	1311.5714	766	6275	64267	26733	5509
59	101	194	49	1911.449	917	3387	93661	48728	2470
60	175	193	49	2565.7347	1024	5687	125721	75545	4663
61	207	201	49	2263.898	998	5646	110931	62029	4648
62	159	202	49	1664	686	3574	81536	47922	2888
63	233	204	49	4251.2449	835	15694	208311	167396	14859
64	265	203	49	1353.3673	823	2869	66315	25988	2046
65	104	207	49	7121.6531	1587	25684	348961	271198	24097
66	92	213	49	2023	794	6978	99127	60221	6184
67	268	213	49	1836.9592	712	10629	90011	55123	9917
68	196	216	49	7134.2653	1279	18126	349579	286908	16847
69	222	215	49	3321.9184	1098	10004	162774	108972	8906
70	163	217	49	1578.2245	933	3968	77333	31616	3035
71	282	216	49	1656.8571	472	3274	81186	58058	2802
72	232	219	49	2339.6531	857	9264	114643	72650	8407
73	142	223	49	2007.2857	834	4134	98357	57491	3300
74	242	224	49	4038.1224	939	15501	197868	151857	14562
75	120	225	49	1633.2857	666	3625	80031	47397	2959
76	176	226	49	1782.898	800	3173	87362	48162	2373
77	208	227	49	1475.4286	702	4030	72296	37898	3328
78	228	229	49	4352.4082	858	13887	213268	171226	13029
79	276	230	49	5301.7959	677	19004	259788	226615	18327
80	201	234	49	2703.0816	909	10334	132451	87910	9425
81	145	236	49	2629	854	7903	128821	86975	7049
82	131	237	49	2465.6327	753	5563	120816	83919	4810
83	121	241	49	1749.6122	661	6219	85731	53342	5558
84	246	245	49	2160.2041	723	5817	105850	70423	5094
85	206	247	49	1998.4082	853	8549	97922	56125	7696
86	146	248	49	3447.6122	1184	10901	168933	110917	9717
87	263	252	49	8227.9796	960	26322	403171	356131	25362
88	164	252	49	1150.6531	699	1980	56382	22131	1281
89	276	253	49	1032.0612	417	2122	50571	30138	1705
90	199	254	49	5453.3673	959	15159	267215	220224	14200
91	217	254	49	6733.1633	1381	22134	329925	262256	20753
92	238	254	49	1301.1224	731	2568	63755	27936	1837
93	199	264	49	1975.7959	703	4234	96814	62367	3531
94	166	267	49	2598.6531	869	9613	127334	84753	8744
95	247	267	49	1099.5102	540	5677	53876	27416	5137
96	135	267	49	908.0408	429	2107	44494	23473	1678
97	240	269	49	1004.7959	585	1807	49235	20570	1222
98	179	279	49	719.2653	431	2576	35244	14125	2145
99	216	280	49	6597.2857	1490	24212	323267	250257	22722

==proc_RO_nowout_CN-GFP_CC-Y3_CA-Dy649_top-dwn_1.lif - Series003_Crop003Batch_BlindDeblur001.tif
count	x-corner	y-corner	area	mean	min	max	area*mean	area*mean-area*min	max-min
1	180	68	49	6720.0408	1742	27899	329282	243924	26157
2	145	79	49	11044.8776	2326	42172	541199	427225	39846
3	240	84	49	7544.2857	1392	31696	369670	301462	30304
4	142	98	49	9498.3673	1550	35083	465420	389470	33533
5	265	102	49	8199.2653	827	35854	401764	361241	35027
6	198	102	49	1666.898	732	3994	81678	45810	3262
7	204	126	49	6962.4898	994	33966	341162	292456	32972
8	194	129	49	7968.4694	989	38546	390455	341994	37557
9	209	135	49	10011.1429	1788	47015	490546	402934	45227
10	154	137	49	11166.8367	1402	43842	547175	478477	42440
11	91	138	49	6717.5102	1359	30933	329158	262567	29574
12	207	142	49	6202.3878	1155	18012	303917	247322	16857
13	217	151	49	11784.1224	1402	52484	577422	508724	51082
14	185	165	49	8422.3878	1265	31539	412697	350712	30274
15	209	165	49	7345.2653	1657	33510	359918	278725	31853
16	160	173	49	8346.1224	1692	32685	408960	326052	30993
17	234	179	49	8360.0816	876	35836	409644	366720	34960
18	122	184	49	9344.6735	1543	40413	457889	382282	38870
19	129	191	49	7476.449	1831	29994	366346	276627	28163
20	170	191	49	9132.0408	774	38795	447470	409544	38021
21	83	196	49	7630.9388	1055	32348	373916	322221	31293
22	148	195	49	9308.6735	1856	33802	456125	365181	31946
23	171	204	49	9242.4286	2414	39452	452879	334593	37038
24	119	214	49	8380.0408	1652	32063	410622	329674	30411
25	102	226	49	14317.8367	2434	53466	701574	582308	51032
26	88	237	49	4155.9592	748	15974	203642	166990	15226

==proc_RO_nowout_CN-GFP_CC-Y3_CA-Dy649_top-dwn_1.lif - Series003_Crop004Batch_BlindDeblur001.tif
count	x-corner	y-corner	area	mean	min	max	area*mean	area*mean-area*min	max-min
1	219	46	49	1834.7755	660	5398	89904	57564	4738
2	182	49	49	1582.2041	693	3186	77528	43571	2493
3	204	53	49	1857.9592	616	7470	91040	60856	6854
4	224	58	49	5604.9796	1729	11373	274644	189923	9644
5	173	59	49	1463.3878	590	3299	71706	42796	2709
6	244	61	49	2685.0204	643	9741	131566	100059	9098
7	176	70	49	2110.5306	796	5778	103416	64412	4982
8	164	72	49	1970.6122	665	6890	96560	63975	6225
9	186	74	49	5321.5102	1210	19324	260754	201464	18114
10	207	73	49	2083.0204	729	5113	102068	66347	4384
11	273	76	49	2198.1633	840	6543	107710	66550	5703
12	251	81	49	2993.2857	881	7880	146671	103502	6999
13	235	83	49	1632.9388	668	4082	80014	47282	3414
14	264	90	49	1729.3061	658	4566	84736	52494	3908
15	129	93	49	1531.1633	675	3524	75027	41952	2849
16	179	94	49	1507.3265	741	3866	73859	37550	3125
17	252	96	49	1950.6735	1017	4698	95583	45750	3681
18	200	99	49	5268.1429	1297	15270	258139	194586	13973
19	231	100	49	7117.9388	1117	24359	348779	294046	23242
20	281	101	49	2900.6939	747	7727	142134	105531	6980
21	238	107	49	6478.2041	1260	21227	317432	255692	19967
22	266	113	49	1425.1429	693	3689	69832	35875	2996
23	125	114	49	2357.1837	879	4887	115502	72431	4008
24	205	117	49	1488.3265	814	3458	72928	33042	2644
25	135	124	49	8457.8163	2087	26966	414433	312170	24879
26	229	128	49	1693.1837	850	6611	82966	41316	5761
27	102	129	49	1764.0816	624	4378	86440	55864	3754
28	177	131	49	5503.898	1512	18017	269691	195603	16505
29	294	132	49	1223.2041	614	2084	59937	29851	1470
30	161	136	49	2416.7551	830	8001	118421	77751	7171
31	191	143	49	1650.9796	765	6340	80898	43413	5575
32	208	147	49	3682.2041	1344	12908	180428	114572	11564
33	292	147	49	5133.9184	1002	18281	251562	202464	17279
34	112	149	49	6413.8163	1197	22933	314277	255624	21736
35	175	148	49	1972.0612	865	6698	96631	54246	5833
36	156	149	49	3030.7347	992	8924	148506	99898	7932
37	255	150	49	8462.9592	1513	28880	414685	340548	27367
38	94	153	49	1745.5306	693	4293	85531	51574	3600
39	209	154	49	1529.1429	766	5376	74928	37394	4610
40	279	155	49	1671.102	658	2831	81884	49642	2173
41	132	155	49	4015.2245	1109	8792	196746	142405	7683
42	97	161	49	2286.2449	702	5773	112026	77628	5071
43	199	161	49	4582.8571	1195	11229	224560	166005	10034
44	224	162	49	1570	874	3326	76930	34104	2452
45	107	164	49	2005.3061	755	6088	98260	61265	5333
46	248	167	49	7193.5102	1510	28954	352482	278492	27444
47	136	166	49	6577.2041	1318	26895	322283	257701	25577
48	197	168	49	9287.6531	2689	30842	455095	323334	28153
49	169	168	49	2354.9388	1154	4842	115392	58846	3688
50	287	170	49	4845.7755	1010	22638	237443	187953	21628
51	260	172	49	3185.6531	920	8443	156097	111017	7523
52	121	177	49	2173.898	768	4488	106521	68889	3720
53	171	179	49	1585.3265	846	3443	77681	36227	2597
54	84	179	49	1263.5306	602	3668	61913	32415	3066
55	202	186	49	6200.5306	1773	25869	303826	216949	24096
56	287	186	49	1255.4694	488	3567	61518	37606	3079
57	160	187	49	2181	837	5252	106869	65856	4415
58	242	188	49	6287.1224	917	25650	308069	263136	24733
59	152	190	49	3971.102	829	14770	194584	153963	13941
60	274	189	49	1526.7959	639	4537	74813	43502	3898
61	175	191	49	4007.6939	1326	14191	196377	131403	12865
62	166	195	49	1596.7143	898	3438	78239	34237	2540
63	250	204	49	4746.8163	863	15529	232594	190307	14666
64	137	205	49	1943.9796	787	6656	95255	56692	5869
65	86	207	49	2860.0408	1041	6377	140142	89133	5336
66	163	207	49	3136.2041	884	16015	153674	110358	15131
67	205	207	49	2281.2245	1090	5978	111780	58370	4888
68	151	210	49	1426.9388	682	3197	69920	36502	2515
69	127	213	49	5972.7551	1024	27531	292665	242489	26507
70	247	212	49	2018.2041	823	5111	98892	58565	4288
71	179	215	49	2074.3469	915	3948	101643	56808	3033
72	142	217	49	1342.6531	685	3156	65790	32225	2471
73	204	220	49	4824.3265	1073	14098	236392	183815	13025
74	259	224	49	1401.2857	575	3938	68663	40488	3363
75	165	227	49	2342.3673	981	6239	114776	66707	5258
76	225	227	49	2418.8571	832	11438	118524	77756	10606
77	244	231	49	1568.1429	670	3859	76839	44009	3189
78	81	240	49	3433.551	744	10670	168244	131788	9926
79	99	246	49	2869.8776	789	7202	140624	101963	6413
80	138	248	49	2203.2041	775	5927	107957	69982	5152
81	150	250	49	4536.0408	983	19180	222266	174099	18197
82	205	253	49	8763.0204	1282	31651	429388	366570	30369
83	244	258	49	1572.5714	640	3781	77056	45696	3141
84	118	265	49	1575.449	736	3330	77197	41133	2594
85	188	266	49	1855.1224	798	6388	90901	51799	5590
86	144	269	49	7181	1182	25767	351869	293951	24585
87	259	268	49	1108.6327	429	2876	54323	33302	2447
88	110	281	49	1612.6735	624	6041	79021	48445	5417
89	223	282	49	7777.0204	1660	23078	381074	299734	21418
90	138	282	49	3304.0816	970	13434	161900	114370	12464
91	174	286	49	1432.0612	681	3578	70171	36802	2897
92	117	288	49	952.2653	536	3839	46661	20397	3303
93	138	289	49	2252.9592	650	6566	110395	78545	5916
94	128	292	49	1291.2653	570	2533	63272	35342	1963
95	152	299	49	2491.3265	777	8910	122075	84002	8133

==proc_RO_nowout_CN-GFP_CC-Y3_CA-Dy649_top-dwn_1.lif - Series003_Crop005Batch_BlindDeblur001.tif
count	x-corner	y-corner	area	mean	min	max	area*mean	area*mean-area*min	max-min
1	104	47	49	4076.449	817	9048	199746	159713	8231
2	142	57	49	8230.5102	1550	32049	403295	327345	30499
3	140	79	49	1649.4694	919	5447	80824	35793	4528
4	102	89	49	10718.6327	1031	41865	525213	474694	40834
5	111	92	49	1710.9388	955	3960	83836	37041	3005
6	157	98	49	6973.7347	1572	21861	341713	264685	20289
7	115	100	49	6633.3878	1062	35569	325036	272998	34507
8	60	102	49	3029.4694	710	6768	148444	113654	6058
9	133	106	49	5754.898	1202	25213	281990	223092	24011
10	118	111	49	7408.5918	1771	28550	363021	276242	26779
11	87	113	49	2138.3265	927	7862	104778	59355	6935
12	201	113	49	9324.0612	1126	40890	456879	401705	39764
13	172	113	49	3472.8776	1174	11691	170171	112645	10517
14	159	120	49	12104.8367	1803	52765	593137	504790	50962
15	168	124	49	9084.2041	1045	39393	445126	393921	38348
16	155	130	49	2951.7755	1261	11049	144637	82848	9788
17	126	136	49	3881.8163	1241	11826	190209	129400	10585
18	177	137	49	4179.2245	918	18987	204782	159800	18069
19	152	139	49	11461.8571	2692	42635	561631	429723	39943
20	110	140	49	2666.3673	1068	7549	130652	78320	6481
21	121	146	49	2549.1837	1130	8016	124910	69540	6886
22	137	146	49	2490.7551	1056	5249	122047	70303	4193
23	115	154	49	10821.551	1308	53485	530256	466164	52177
24	80	156	49	6699.0612	1164	28205	328254	271218	27041
25	99	158	49	7404.8163	1239	40595	362836	302125	39356
26	164	158	49	9013.7143	1460	32269	441672	370132	30809
27	128	165	49	9422.102	1205	40138	461683	402638	38933
28	109	171	49	7415.1837	1265	34868	363344	301359	33603
29	124	173	49	5507.449	1186	23583	269865	211751	22397
30	188	172	49	2224.9184	911	3906	109021	64382	2995
31	94	173	49	1917.5918	876	4544	93962	51038	3668
32	156	176	49	7013.6122	1331	30449	343667	278448	29118
33	174	181	49	2316.551	1059	6935	113511	61620	5876
34	156	196	49	2397.0816	910	6272	117457	72867	5362
35	183	196	49	1666	943	4489	81634	35427	3546
36	125	198	49	5787.8163	884	28724	283603	240287	27840
37	139	204	49	9687.2041	1454	33976	474673	403427	32522
38	100	205	49	2299.5714	803	7813	112679	73332	7010
39	157	207	49	2485.8776	790	6747	121808	83098	5957
40	115	212	49	6359.3469	1787	21651	311608	224045	19864
41	134	219	49	7700.5714	1215	36138	377328	317793	34923
42	160	235	49	6799.8367	1117	23452	333192	278459	22335
43	135	253	49	6882.5918	953	28084	337247	290550	27131

==proc_RO_nowout_CN-GFP_CC-Y3_CA-Dy649_top-dwn_1.lif - Series011_Crop001Batch_BlindDeblur001.tif
count	x-corner	y-corner	area	mean	min	max	area*mean	area*mean-area*min	max-min
1	72	30	49	8042.8776	1999	19154	394101	296150	17155
2	117	36	49	7408.7347	1048	35656	363028	311676	34608
3	123	57	49	5499.0612	763	24737	269454	232067	23974
4	91	57	49	5114.2245	1134	20461	250597	195031	19327
5	205	58	49	6696.4694	1132	28055	328127	272659	26923
6	59	61	49	8015.2857	1298	32974	392749	329147	31676
7	115	61	49	4978.1837	757	16946	243931	206838	16189
8	143	64	49	6331.6531	850	25824	310251	268601	24974
9	84	65	49	5408.7143	894	26490	265027	221221	25596
10	110	68	49	4883.551	798	22230	239294	200192	21432
11	103	69	49	5615.0612	1102	22008	275138	221140	20906
12	121	71	49	6396.8776	1195	23002	313447	254892	21807
13	45	83	49	6327.8163	722	25586	310063	274685	24864
14	215	89	49	7862.4898	1801	34388	385262	297013	32587
15	83	95	49	8928.1224	1317	38656	437478	372945	37339
16	157	106	49	6884.0612	1158	29438	337319	280577	28280
17	172	110	49	6103.4898	831	20343	299071	258352	19512
18	89	119	49	8542.0408	1199	39919	418560	359809	38720
19	211	125	49	7813.102	1254	32496	382842	321396	31242
20	128	127	49	8283.8163	1184	27947	405907	347891	26763
21	173	127	49	6706.102	1905	27642	328599	235254	25737
22	231	131	49	7947.2857	1434	25940	389417	319151	24506
23	173	134	49	7392.1224	1526	29401	362214	287440	27875
24	148	135	49	7479.6735	1032	34465	366504	315936	33433
25	92	136	49	8532.8163	1775	32261	418108	331133	30486
26	164	136	49	7420.8163	1995	27208	363620	265865	25213
27	113	140	49	6424.5714	1774	29413	314804	227878	27639
28	94	144	49	6507.0612	1248	22937	318846	257694	21689
29	77	149	49	6496.0204	824	30983	318305	277929	30159
30	161	148	49	4263.102	817	15520	208892	168859	14703
31	192	153	49	5973.0612	872	28425	292680	249952	27553
32	117	172	49	7730.5918	1637	26294	378799	298586	24657
33	198	184	49	5344.3265	576	25822	261872	233648	25246

==proc_RO_nowout_CN-GFP_CC-Y3_CA-Dy649_top-dwn_1.lif - Series011_Crop002Batch_BlindDeblur001.tif
count	x-corner	y-corner	area	mean	min	max	area*mean	area*mean-area*min	max-min
1	239	44	49	5914.2653	718	20796	289799	254617	20078
2	150	47	49	1227.8163	505	3767	60163	35418	3262
3	172	51	49	6949.0816	1638	25006	340505	260243	23368
4	209	58	49	2435.898	1277	4460	119359	56786	3183
5	126	69	49	1051	499	2754	51499	27048	2255
6	199	78	49	2524.2653	846	7558	123689	82235	6712
7	119	83	49	1668.7959	595	3664	81771	52616	3069
8	112	86	49	1378.9184	692	2426	67567	33659	1734
9	164	88	49	2425.2245	950	4801	118836	72286	3851
10	117	106	49	1932.8163	907	4243	94708	50265	3336
11	251	105	49	6087.1224	1141	22393	298269	242360	21252
12	131	111	49	2492.2041	792	7339	122118	83310	6547
13	90	115	49	5787.8776	1638	17714	283606	203344	16076
14	172	123	49	3127.5714	1737	8034	153251	68138	6297
15	220	126	49	4475.4082	1571	12876	219295	142316	11305
16	96	132	49	4126.0816	919	14085	202178	157147	13166
17	136	133	49	1386.5918	773	4829	67943	30066	4056
18	165	138	49	2454.1837	1100	6799	120255	66355	5699
19	115	148	49	1869.7347	791	4855	91617	52858	4064
20	148	150	49	6219.8776	1418	20928	304774	235292	19510
21	94	154	49	7602.5102	1310	22838	372523	308333	21528
22	133	155	49	2920.4898	1185	6766	143104	85039	5581
23	187	156	49	2328.5714	1120	5331	114100	59220	4211
24	172	161	49	7337.2653	1292	24330	359526	296218	23038
25	145	163	49	2173.2857	1280	3979	106491	43771	2699
26	156	163	49	6077.6327	1369	25795	297804	230723	24426
27	188	163	49	2480.8163	1278	6942	121560	58938	5664
28	148	170	49	3933.6327	1347	10641	192748	126745	9294
29	131	172	49	5181.5918	1250	20435	253898	192648	19185
30	83	174	49	3844.3061	889	11132	188371	144810	10243
31	117	175	49	5820.3469	662	24867	285197	252759	24205
32	163	177	49	8173.3469	1786	22728	400494	312980	20942
33	153	181	49	4177.3469	1065	18020	204690	152505	16955
34	174	184	49	5970.5918	1440	17194	292559	221999	15754
35	79	187	49	1968.0408	717	6028	96434	61301	5311
36	111	190	49	8597.449	1498	27283	421275	347873	25785
37	88	192	49	1950.3265	940	4429	95566	49506	3489
38	277	195	49	4326.0612	1311	9803	211977	147738	8492
39	131	198	49	6655.7755	1518	22368	326133	251751	20850
40	40	202	49	5030.7551	714	20212	246507	211521	19498
41	82	204	49	7020.5102	2132	24109	344005	239537	21977
42	45	209	49	3962.9592	534	12851	194185	168019	12317
43	274	218	49	1578.898	697	3884	77366	43213	3187
44	148	222	49	6326.5102	1240	24493	309999	249239	23253
45	142	246	49	5635.6531	1350	18547	276147	209997	17197
46	74	280	49	5268.9388	809	18217	258178	218537	17408
47	110	286	49	5427.449	1119	23244	265945	211114	22125

==proc_RO_nowout_CN-GFP_CC-Y3_CA-Dy649_top-dwn_1.lif - Series011_Crop003Batch_BlindDeblur001.tif
count	x-corner	y-corner	area	mean	min	max	area*mean	area*mean-area*min	max-min
1	132	51	49	667.6939	450	1213	32717	10667	763
2	63	64	49	4195.6735	961	11770	205588	158499	10809
3	153	63	49	5001.0612	1124	15719	245052	189976	14595
4	170	80	49	1550.2449	665	5633	75962	43377	4968
5	92	86	49	3244.0612	729	9695	158959	123238	8966
6	204	86	49	2721.4286	727	7963	133350	97727	7236
7	112	96	49	4657.7143	1071	11423	228228	175749	10352
8	92	106	49	3241.0204	930	8806	158810	113240	7876
9	149	107	49	3562.6122	1115	7892	174568	119933	6777
10	171	115	49	2923.3878	1103	6706	143246	89199	5603
11	113	121	49	3140.7143	1245	8584	153895	92890	7339
12	198	126	49	4076.8163	916	14018	199764	154880	13102
13	40	127	49	3919.9796	865	13569	192079	149694	12704
14	114	128	49	2383.5306	1133	4071	116793	61276	2938
15	147	127	49	1502.9184	708	2730	73643	38951	2022
16	176	127	49	3150.4694	1018	8364	154373	104491	7346
17	168	128	49	2034.7551	936	6231	99703	53839	5295
18	239	131	49	4914.6122	1034	13933	240816	190150	12899
19	136	138	49	5053.6122	1662	13258	247627	166189	11596
20	78	142	49	2968.2245	1012	8762	145443	95855	7750
21	87	143	49	2671.9184	887	6645	130924	87461	5758
22	30	147	49	4324.6735	1132	10102	211909	156441	8970
23	251	149	49	891.6531	512	1701	43691	18603	1189
24	56	150	49	4493.0612	1064	12394	220160	168024	11330
25	218	153	49	1739.1429	751	3575	85218	48419	2824
26	192	154	49	1421.2041	885	2491	69639	26274	1606
27	69	157	49	6659.2245	1059	19631	326302	274411	18572
28	34	157	49	3398.3265	980	8463	166518	118498	7483
29	249	162	49	1715.2245	664	3181	84046	51510	2517
30	190	168	49	6067.7143	1586	16505	297318	219604	14919
31	160	169	49	3240.0612	710	12186	158763	123973	11476
32	227	168	49	3889.3469	1212	14419	190578	131190	13207
33	27	170	49	1222.3265	556	3343	59894	32650	2787
34	153	171	49	3756.5306	1087	13561	184070	130807	12474
35	120	174	49	5112.8163	1623	16863	250528	171001	15240
36	35	180	49	3222.3878	619	9215	157897	127566	8596
37	236	180	49	2973.5714	699	10881	145705	111454	10182
38	209	186	49	3399.2041	1297	7020	166561	103008	5723
39	176	188	49	4762.3673	1593	13289	233356	155299	11696
40	41	191	49	2824.4898	898	7466	138400	94398	6568
41	133	192	49	4549.8776	1551	9536	222944	146945	7985
42	189	194	49	2564.7143	1448	5783	125671	54719	4335
43	145	197	49	1551.898	612	3934	76043	46055	3322
44	67	216	49	4507.7347	1826	12984	220879	131405	11158
45	139	219	49	3580.0408	1005	12133	175422	126177	11128
46	68	227	49	1030.0612	520	2538	50473	24993	2018
47	182	237	49	5058.9592	1187	20569	247889	189726	19382
48	143	243	49	4969.7551	1025	16651	243518	193293	15626

==proc_RO_nowout_CN-GFP_CC-Y3_CA-Dy649_top-dwn_1.lif - Series011_Crop004Batch_BlindDeblur001.tif
count	x-corner	y-corner	area	mean	min	max	area*mean	area*mean-area*min	max-min
1	60	40	49	7370.0204	1666	24270	361131	279497	22604
2	122	51	49	8323.9796	1837	29523	407875	317862	27686
3	92	52	49	6844.9796	987	21989	335404	287041	21002
4	153	56	49	6465.5306	928	24811	316811	271339	23883
5	81	62	49	6748.3469	1545	24442	330669	254964	22897
6	96	70	49	6644.0816	1236	26296	325560	264996	25060
7	59	76	49	6332.6122	880	27498	310298	267178	26618
8	69	87	49	6703.5306	1160	23515	328473	271633	22355
9	48	90	49	9141.9592	1743	28111	447956	362549	26368
10	69	101	49	6972.2245	2039	26194	341639	241728	24155
11	51	107	49	7477.7959	1246	22587	366412	305358	21341
12	158	113	49	7515.3673	1623	29873	368253	288726	28250
13	49	117	49	6249.6531	955	24491	306233	259438	23536
14	61	116	49	6179.2857	1440	20001	302785	232225	18561
15	123	121	49	6406.8571	976	20170	313936	266112	19194
16	69	126	49	6190.9592	1639	22305	303357	223046	20666
17	130	132	49	7093.5306	2778	19967	347583	211461	17189
18	107	133	49	8045.2245	2754	30285	394216	259270	27531
19	34	135	49	5918.7551	1248	20993	290019	228867	19745
20	124	144	49	5664.449	1387	23016	277558	209595	21629
21	34	150	49	5786.8776	967	17325	283557	236174	16358
22	64	158	49	6191.8571	910	24729	303401	258811	23819
23	129	160	49	7138.0408	1911	26954	349764	256125	25043

==proc_RO_nowout_CN-GFP_CC-Y3_CA-Dy649_top-dwn_1.lif - Series011_Crop005Batch_BlindDeblur001.tif
count	x-corner	y-corner	area	mean	min	max	area*mean	area*mean-area*min	max-min
1	175	52	49	5999.9388	877	23964	293997	251024	23087
2	126	56	49	6022.9592	901	24412	295125	250976	23511
3	100	63	49	5094.3878	1433	21699	249625	179408	20266
4	127	70	49	6542.0408	1346	30427	320560	254606	29081
5	107	71	49	5251.102	1037	22914	257304	206491	21877
6	120	76	49	7036.5918	1407	25684	344793	275850	24277
7	177	78	49	6166.4898	1308	26927	302158	238066	25619
8	167	79	49	5343.7551	1072	20901	261844	209316	19829
9	158	82	49	6489.3878	845	26628	317980	276575	25783
10	169	95	49	4737.7959	821	20752	232152	191923	19931
11	145	100	49	5232.8163	1424	20105	256408	186632	18681
12	34	103	49	7458.1224	1068	33445	365448	313116	32377
13	70	102	49	4461.3265	929	21930	218605	173084	21001
14	62	106	49	7398.5306	1392	35252	362528	294320	33860
15	130	106	49	5023.898	1015	20932	246171	196436	19917
16	79	110	49	4809.7551	1335	17786	235678	170263	16451
17	140	112	49	4600.3469	1091	19773	225417	171958	18682
18	151	115	49	10406.3673	1600	42736	509912	431512	41136
19	167	117	49	5437.7143	793	24452	266448	227591	23659
20	135	120	49	2885.4898	1222	6804	141389	81511	5582
21	53	133	49	5530.6531	759	26431	271002	233811	25672
22	117	133	49	5693.4898	914	26491	278981	234195	25577
23	150	140	49	6834.0408	1044	28698	334868	283712	27654
24	194	141	49	5235.7551	435	25920	256552	235237	25485
25	78	152	49	6779.9388	1147	29293	332217	276014	28146
26	96	159	49	8040.3673	1036	31301	393978	343214	30265
27	82	166	49	6469.449	1293	26524	317003	253646	25231
28	143	166	49	5743.5102	777	21733	281432	243359	20956

==proc_RO_nowout_CN-GFP_CC-Y3_CA-Dy649_top-dwn_1.lif - Series011_Crop006Batch_BlindDeblur001.tif
count	x-corner	y-corner	area	mean	min	max	area*mean	area*mean-area*min	max-min
1	165	46	49	4405.7143	1075	16890	215880	163205	15815
2	99	50	49	1964.5102	749	4210	96261	59560	3461
3	185	52	49	2753.449	1173	5621	134919	77442	4448
4	86	57	49	3020.3469	1017	6745	147997	98164	5728
5	167	59	49	5066.4286	1395	14742	248255	179900	13347
6	290	64	49	853.6327	555	1656	41828	14633	1101
7	129	67	49	3262.6939	990	6812	159872	111362	5822
8	150	69	49	2933.102	1377	7315	143722	76249	5938
9	113	72	49	5296.2041	1507	14305	259514	185671	12798
10	212	73	49	2236.2653	1038	5267	109577	58715	4229
11	187	77	49	4664.4286	1635	11997	228557	148442	10362
12	279	77	49	5033.5714	1657	12488	246645	165452	10831
13	110	79	49	4154.1429	1459	12560	203553	132062	11101
14	125	79	49	2962.2653	1363	7263	145151	78364	5900
15	221	86	49	5172.551	825	16583	253455	213030	15758
16	242	87	49	4181.9184	1101	10632	204914	150965	9531
17	140	88	49	3460.3469	830	10430	169557	128887	9600
18	41	90	49	5345.2653	1230	15483	261918	201648	14253
19	228	92	49	4102.551	1349	10235	201025	134924	8886
20	177	94	49	5002.4082	1795	13802	245118	157163	12007
21	220	94	49	3887.9796	799	9592	190511	151360	8793
22	212	94	49	4336	1531	10689	212464	137445	9158
23	129	100	49	4169.102	1577	14331	204286	127013	12754
24	151	101	49	3817.5306	793	15843	187059	148202	15050
25	281	104	49	5633.9184	1201	23618	276062	217213	22417
26	72	108	49	5588.7755	1329	15658	273850	208729	14329
27	227	108	49	2861.2449	859	9065	140201	98110	8206
28	157	110	49	4440.6531	841	13588	217592	176383	12747
29	209	113	49	5247.1429	1923	15897	257110	162883	13974
30	270	117	49	4813.9184	791	20696	235882	197123	19905
31	198	118	49	5957.4898	1009	24652	291917	242476	23643
32	73	122	49	5512.5102	2050	13424	270113	169663	11374
33	216	123	49	1519.4694	728	4466	74454	38782	3738
34	140	126	49	5486.898	1086	14537	268858	215644	13451
35	271	130	49	4057.7959	951	14940	198832	152233	13989
36	115	135	49	3514.6122	1007	10964	172216	122873	9957
37	191	138	49	4450.9796	1134	13713	218098	162532	12579
38	278	147	49	1117.5714	619	2839	54761	24430	2220
39	234	151	49	3952.3265	1484	12004	193664	120948	10520
40	187	152	49	3707.6122	1123	11805	181673	126646	10682
41	98	169	49	5602.6735	1042	24581	274531	223473	23539
42	140	169	49	5004.0816	919	18861	245200	200169	17942
43	200	174	49	2737.898	992	8083	134157	85549	7091
44	239	179	49	4316.102	984	15502	211489	163273	14518
45	289	181	49	1258.6735	582	4151	61675	33157	3569
46	191	182	49	5746.9184	792	26815	281599	242791	26023
47	157	199	49	3422.9184	787	14637	167723	129160	13850
48	165	199	49	3259.1224	1169	9384	159697	102416	8215
49	175	213	49	1505.9388	507	3845	73791	48948	3338
50	255	214	49	2895.9796	642	8774	141903	110445	8132
51	264	216	49	2633.1224	518	9718	129023	103641	9200

==proc_RO_nowout_CN-GFP_CC-Y3_CA-Dy649_top-dwn_1.lif - Series011_Crop007Batch_BlindDeblur001.tif
count	x-corner	y-corner	area	mean	min	max	area*mean	area*mean-area*min	max-min
1	140	32	49	8037.6327	746	31023	393844	357290	30277
2	235	54	49	14260.551	1067	53382	698767	646484	52315
3	166	59	49	7629.6531	731	33444	373853	338034	32713
4	247	58	49	8297.3673	999	35573	406571	357620	34574
5	256	66	49	7891.1224	1385	32524	386665	318800	31139
6	128	67	49	7928.1429	1246	35135	388479	327425	33889
7	78	70	49	8534.7959	1503	38274	418205	344558	36771
8	185	76	49	17752.2653	3767	51208	869861	685278	47441
9	92	78	49	13476.0612	1981	53995	660327	563258	52014
10	145	84	49	8386.4082	684	37358	410934	377418	36674
11	132	91	49	1010.0816	645	1943	49494	17889	1298
12	266	101	49	9041.7143	1803	33676	443044	354697	31873
13	57	105	49	6643.449	1186	29194	325529	267415	28008
14	186	105	49	15774.5918	2020	57878	772955	673975	55858
15	133	109	49	11535.1429	1805	39514	565222	476777	37709
16	174	113	49	8373.1429	1506	37324	410284	336490	35818
17	204	116	49	11820.4898	2061	35483	579204	478215	33422
18	78	133	49	13318.5714	1285	50800	652610	589645	49515
19	220	148	49	8081.102	1201	33601	395974	337125	32400
20	266	149	49	12970.3673	1988	44405	635548	538136	42417
21	260	156	49	7288.6735	948	31602	357145	310693	30654
22	175	157	49	7715.9592	1360	27593	378082	311442	26233
23	231	159	49	7619.6122	787	31698	373361	334798	30911
24	135	165	49	8490.0612	1186	38907	416013	357899	37721
25	105	165	49	7485.1224	800	33056	366771	327571	32256
26	114	183	49	7535.5714	2057	31227	369243	268450	29170
27	245	192	49	8561.4286	771	36229	419510	381731	35458
28	95	199	49	7025.8776	1084	24952	344268	291152	23868
29	263	215	49	6990.0204	1268	31662	342511	280379	30394
30	174	234	49	10091.9388	1411	43724	494505	425366	42313

==proc_RO_nowout_CN-GFP_CC-Y3_CA-Dy649_top-dwn_1.lif - Series011_Crop008Batch_BlindDeblur001.tif
count	x-corner	y-corner	area	mean	min	max	area*mean	area*mean-area*min	max-min
1	190	70	49	1354.2041	614	3044	66356	36270	2430
2	86	77	49	6362.8163	969	25730	311778	264297	24761
3	182	75	49	5756.9388	778	24153	282090	243968	23375
4	152	91	49	5042.9592	1332	15524	247105	181837	14192
5	210	97	49	1579.2857	630	2962	77385	46515	2332
6	163	104	49	5402.7755	1366	18594	264736	197802	17228
7	170	109	49	5896.2449	1118	24399	288916	234134	23281
8	96	118	49	5980.9184	1190	16098	293065	234755	14908
9	150	119	49	5186.6939	980	18704	254148	206128	17724
10	120	122	49	7173.5918	1402	26743	351506	282808	25341
11	92	126	49	1081	647	2129	52969	21266	1482
12	204	127	49	5476	874	24112	268324	225498	23238
13	153	129	49	5414.6939	1023	18407	265320	215193	17384
14	172	129	49	5459.1429	1479	19439	267498	195027	17960
15	73	131	49	5076.2449	587	20555	248736	219973	19968
16	97	140	49	4926.7959	1694	16281	241413	158407	14587
17	69	141	49	4484.1429	703	20775	219723	185276	20072
18	174	140	49	7326.1429	1039	28432	358981	308070	27393
19	112	142	49	5080.1633	1351	21004	248928	182729	19653
20	121	146	49	5952.9796	1347	23662	291696	225693	22315
21	92	151	49	4776.3265	1347	19468	234040	168037	18121
22	97	158	49	4397.7959	643	18687	215492	183985	18044
23	117	159	49	5261.3469	1439	18065	257806	187295	16626
24	129	172	49	4549.5102	854	21025	222926	181080	20171
25	175	181	49	954	582	1969	46746	18228	1387
26	139	188	49	4491.6327	981	19755	220090	172021	18774
27	150	189	49	5517.8776	1631	18634	270376	190457	17003
28	199	194	49	5424.7959	1003	20934	265815	216668	19931
29	122	205	49	6073.3061	1760	22516	297592	211352	20756
30	183	211	49	4899.2245	1341	19755	240062	174353	18414
31	189	224	49	4488.5714	1367	16930	219940	152957	15563
32	127	229	49	1058.3878	453	2436	51861	29664	1983
33	165	233	49	5348	668	21327	262052	229320	20659
